1.80193e-07
1.68225e-07
1.99622e-07
1.22449e-07
1.66798e-07
1.49639e-07
2.05629e-07
2.93482e-07
1.49651e-07
1.46693e-07
2.79865e-07
1.90503e-07
3.63571e-07
2.90743e-08
2.34351e-07
1.24726e-07
1.27631e-07
2.17979e-07
1.30236e-07
9.72909e-08
7.21807e-08
2.57942e-07
1.31293e-07
2.27749e-07
4.76716e-10
1.92963e-07
1.29619e-07
2.75486e-07
2.22496e-07
1.72432e-07
1.26042e-07
1.4103e-07
1.64166e-07
4.4266e-07
1.26113e-07
2.02586e-07
3.71458e-07
1.76052e-07
2.60923e-07
3.03253e-07
3.12155e-07
3.0082e-08
1.19936e-07
1.43647e-07
9.42276e-08
3.38737e-07
7.6357e-08
1.7381e-07
9.55335e-08
2.22953e-07
2.41879e-07
2.18505e-07
1.23365e-07
2.61955e-07
2.87495e-07
1.88697e-07
1.95172e-07
2.6767e-07
2.24506e-07
1.63497e-07
1.79621e-07
2.24263e-07
2.94387e-07
2.40556e-07
1.36761e-07
1.39222e-07
8.85718e-08
2.13354e-08
8.42971e-08
3.66324e-07
7.86442e-08
2.88331e-07
3.3054e-07
1.03305e-07
2.58218e-07
2.20794e-07
2.71576e-07
1.75653e-07
1.46053e-07
2.87942e-07
3.09438e-07
2.29579e-07
1.84987e-07
1.47127e-07
2.08542e-07
2.05678e-07
2.28458e-07
2.50716e-07
5.76331e-08
2.37962e-07
2.51185e-07
2.25278e-07
1.96612e-07
2.71426e-07
4.05894e-07
4.35165e-08
1.86248e-07
7.75268e-08
5.73774e-08
2.64422e-07
2.64719e-07
2.88834e-07
2.64394e-07
3.10772e-07
1.82859e-07
4.02602e-08
3.6234e-07
1.82403e-07
2.24069e-07
3.03335e-07
1.96149e-07
2.15896e-07
1.63446e-07
-4.46639e-09
2.24357e-07
1.56782e-07
5.15412e-08
2.00357e-07
1.23612e-07
8.29271e-08
1.72093e-07
1.14746e-07
1.86787e-07
1.82311e-07
1.13209e-07
2.71593e-07
1.76309e-07
3.93169e-07
8.01491e-08
1.36927e-07
2.60888e-07
1.06062e-07
1.13937e-07
2.85117e-07
2.38262e-07
1.40835e-07
2.89096e-07
2.34116e-07
4.27598e-08
2.16396e-07
2.74548e-07
7.03727e-08
2.40762e-07
2.93564e-07
3.52981e-07
9.64095e-08
1.23325e-07
3.49392e-07
1.9215e-07
8.27734e-08
5.07891e-08
2.7604e-07
3.55879e-07
2.70029e-07
6.67085e-08
4.09433e-07
3.36185e-07
9.51308e-08
8.46953e-08
2.8607e-07
1.99421e-07
1.18446e-07
3.58488e-07
4.8613e-08
2.71589e-07
2.43592e-07
6.62959e-08
1.7758e-09
2.27544e-07
1.21881e-07
3.03763e-07
1.79223e-07
1.4855e-07
2.85234e-07
1.46795e-07
1.25542e-07
2.28175e-07
2.32416e-07
2.3136e-07
3.11987e-07
3.77965e-09
2.8154e-07
1.7487e-07
7.84487e-08
1.74895e-07
2.75208e-07
2.03e-07
1.3125e-07
2.01294e-08
1.57485e-07
1.81119e-07
3.03936e-07
1.81177e-07
6.49057e-08
1.68484e-08
1.82657e-07
2.05492e-07
3.62751e-08
1.75457e-07
3.96665e-07
2.05041e-07
1.9821e-07
3.16204e-07
2.84551e-07
1.709e-07
1.09043e-07
2.09847e-07
1.88747e-07
4.21483e-07
2.89294e-07
1.93089e-07
1.24974e-07
5.48069e-08
1.92138e-07
1.66407e-07
3.46571e-07
9.31243e-08
1.81613e-07
1.79135e-07
2.59108e-07
2.64123e-07
2.21859e-07
1.80958e-07
8.83998e-08
2.61864e-07
2.32525e-07
1.80042e-07
4.67059e-08
1.91676e-07
1.49456e-07
1.791e-07
3.52188e-07
5.07931e-08
2.70301e-07
1.85833e-08
3.11568e-07
5.96896e-08
2.25233e-07
7.60946e-08
1.93701e-07
1.32015e-07
2.12667e-07
6.84848e-08
1.64411e-07
1.79831e-07
1.05454e-07
1.42069e-07
7.20619e-08
2.06221e-07
2.96557e-07
2.74495e-07
3.26608e-07
1.72052e-07
2.34082e-07
2.58249e-07
2.18339e-07
1.66594e-07
2.18625e-07
2.87597e-07
1.56258e-07
2.01374e-07
7.51902e-08
1.42015e-07
3.18301e-07
2.1642e-07
2.30221e-07
2.52207e-07
1.54961e-07
4.72218e-08
2.20625e-07
3.57185e-07
6.26649e-09
4.34031e-07
1.02867e-07
2.94515e-07
2.94362e-07
1.06528e-07
2.03615e-07
2.23076e-07
9.27975e-08
4.46223e-07
1.9864e-07
2.38854e-07
4.03663e-08
2.27548e-07
1.70959e-07
1.19068e-07
3.58638e-08
1.75125e-07
1.16882e-07
8.57519e-08
1.79115e-07
1.76297e-07
2.42986e-07
1.31196e-07
1.5592e-07
1.23803e-07
6.51531e-08
7.08017e-08
1.37305e-07
1.4155e-07
3.90038e-07
2.3178e-07
3.51387e-07
3.17655e-07
2.77367e-07
1.6245e-07
8.29702e-08
1.82552e-07
4.68132e-08
2.33366e-07
1.7988e-07
1.67998e-07
2.27611e-07
1.36587e-07
2.63287e-07
2.52033e-07
1.38185e-07
3.13136e-07
1.29279e-07
1.41353e-07
1.67571e-07
3.55063e-08
1.53163e-07
2.82401e-07
2.34106e-07
3.9549e-07
9.42737e-08
2.2181e-07
1.56525e-07
3.18512e-07
1.22899e-07
2.45615e-07
4.10198e-07
2.67471e-07
1.97821e-07
2.09421e-07
7.59959e-08
1.10849e-07
3.11564e-07
2.01312e-07
5.26699e-08
1.41857e-08
1.89861e-07
1.70429e-07
3.45983e-07
1.93739e-07
1.35815e-07
7.65577e-08
2.36932e-07
1.23205e-07
9.91558e-08
2.70458e-07
1.73876e-07
1.99866e-07
2.11988e-07
1.03177e-07
1.48926e-07
-8.3598e-09
1.98469e-07
2.54854e-07
2.14073e-07
2.35588e-07
1.85037e-07
2.9189e-07
1.68843e-07
2.10087e-07
2.92169e-07
2.90156e-07
3.53567e-07
3.72477e-07
1.86214e-07
2.10537e-07
1.18611e-07
1.85244e-07
2.75245e-07
4.44828e-08
2.16948e-07
2.00419e-07
1.58777e-07
4.00716e-07
2.52576e-07
1.7013e-07
1.88535e-07
4.30624e-08
1.39495e-07
1.42502e-07
3.08279e-08
1.97659e-07
9.45045e-08
2.4519e-07
1.21983e-07
2.45195e-07
1.97019e-07
2.21302e-07
1.99414e-07
2.99526e-07
2.63127e-07
1.449e-07
3.30885e-07
2.87612e-07
2.57294e-07
1.92672e-07
2.94217e-07
2.6061e-07
2.71833e-07
1.70323e-07
2.34641e-07
2.06302e-07
1.04721e-07
1.41515e-07
1.91339e-07
2.21857e-07
1.25182e-07
1.8882e-07
1.84223e-07
3.48439e-07
1.80947e-07
1.57846e-07
2.2726e-07
2.49362e-07
9.94803e-08
1.79246e-07
1.29569e-07
2.20367e-07
1.60011e-07
2.46307e-07
2.10612e-07
2.02883e-07
1.15231e-07
3.39882e-07
3.31657e-07
2.11601e-07
1.41201e-07
3.60935e-07
2.86776e-07
2.60732e-07
2.48446e-07
2.33654e-07
1.55053e-07
1.73164e-07
1.75775e-07
2.99029e-07
3.20484e-07
2.7702e-07
1.0765e-07
2.86769e-07
1.5516e-07
2.46831e-07
3.33851e-07
8.25299e-08
1.68062e-07
1.98365e-07
2.2771e-07
1.65963e-07
9.33873e-08
-5.5403e-08
2.54735e-07
4.36757e-08
1.95388e-07
2.21805e-07
2.75409e-08
1.50887e-07
1.61838e-07
2.4642e-07
1.05998e-07
1.94857e-07
1.02788e-07
2.47288e-07
8.58888e-08
2.40782e-07
1.17785e-07
1.66283e-07
1.08259e-07
1.90337e-07
1.36538e-07
2.07884e-07
2.91913e-07
1.42384e-07
3.0347e-07
3.61042e-08
3.22334e-07
1.67993e-07
1.38888e-07
2.93384e-07
8.72178e-08
1.81368e-07
2.19117e-07
2.33555e-07
6.30986e-08
3.05596e-07
-4.24567e-08
2.51011e-07
2.5857e-07
2.67847e-07
1.71793e-07
1.40896e-07
1.91527e-07
2.19935e-07
9.47374e-08
-7.65801e-09
2.25016e-07
1.63159e-07
3.03353e-07
3.32883e-07
8.75259e-08
1.78391e-07
1.56832e-07
2.63477e-07
2.57709e-07
2.29947e-07
8.95951e-08
2.88064e-07
2.28363e-07
2.22071e-07
2.29335e-07
1.39534e-07
2.01839e-07
2.85919e-07
2.26643e-07
2.63363e-07
2.00463e-07
1.8799e-07
1.94041e-07
3.25503e-07
2.39611e-07
3.12354e-08
1.42397e-07
2.1168e-07
2.06875e-07
1.73712e-07
2.09651e-07
3.72817e-07
2.51915e-08
2.03905e-07
1.06606e-07
2.82078e-07
9.79382e-08
1.9992e-07
1.29505e-07
1.9769e-07
1.96258e-07
1.4757e-07
1.08983e-07
1.23638e-07
2.37778e-08
2.00187e-07
2.09461e-07
1.43648e-07
1.92869e-07
2.36663e-07
6.73123e-08
3.17273e-07
2.39839e-07
1.41622e-07
7.07822e-08
3.30951e-07
2.91643e-07
2.67463e-07
5.05016e-08
1.40412e-07
8.75608e-08
1.74358e-07
1.82766e-07
1.82543e-07
2.4351e-07
2.0012e-07
2.10645e-07
3.14697e-07
1.20556e-07
4.7148e-08
1.97108e-07
1.92106e-07
2.24756e-07
1.89152e-07
6.17975e-08
1.21284e-07
1.67105e-07
1.2806e-07
2.75372e-07
1.98276e-07
1.25419e-07
2.13981e-07
2.38314e-07
2.58764e-07
2.50744e-07
1.23029e-07
1.05754e-07
2.58296e-07
3.27903e-07
1.08389e-07
7.788e-08
1.54805e-07
2.70266e-07
1.54641e-07
1.43768e-07
1.85142e-07
7.2057e-08
2.06003e-07
9.68635e-08
1.01423e-07
2.57554e-07
-4.31676e-08
3.34696e-07
5.52269e-08
2.64649e-07
2.44301e-07
2.53343e-07
1.79671e-07
2.28265e-07
2.95276e-07
2.81245e-07
2.84821e-07
3.17345e-07
2.6567e-07
1.20547e-07
2.42916e-07
5.05097e-08
1.41808e-07
1.82704e-07
3.10318e-07
1.32119e-07
1.15826e-07
8.81475e-08
1.49339e-07
2.95955e-07
2.3218e-07
2.19836e-07
2.28894e-07
2.42696e-07
1.19483e-07
1.82079e-07
2.40647e-07
2.11542e-07
1.44947e-07
4.77489e-08
2.04744e-07
9.76003e-08
2.92822e-07
1.71057e-07
1.78011e-07
1.50444e-07
1.44505e-07
3.2323e-07
1.29784e-07
1.574e-07
5.81649e-08
3.21538e-07
1.46637e-07
1.53872e-07
1.72141e-07
1.85335e-07
1.85952e-07
3.1007e-07
1.45795e-09
1.69197e-07
2.66654e-07
1.79607e-07
3.2254e-07
1.36662e-07
8.09364e-08
9.25121e-08
1.88365e-07
1.56539e-07
4.05384e-07
1.52426e-07
2.77036e-07
1.14793e-07
2.5995e-07
1.7306e-07
1.50975e-07
1.63212e-08
1.40328e-07
1.90006e-07
9.77867e-08
-1.11755e-08
2.93174e-07
1.75015e-07
5.44776e-08
2.74246e-07
1.96996e-07
2.75196e-07
1.87219e-07
1.44148e-07
9.12697e-08
2.067e-07
1.36392e-07
2.26702e-07
6.82039e-08
2.12665e-07
2.39422e-07
2.83479e-07
2.65022e-07
2.41614e-07
2.75153e-07
1.12311e-07
9.85104e-08
2.47173e-07
2.64987e-07
2.48153e-07
1.16508e-07
1.17061e-07
2.48324e-07
3.11437e-07
2.28053e-07
2.54561e-07
1.28397e-07
6.97894e-08
2.03762e-07
1.4145e-07
2.1883e-07
1.9638e-07
2.85323e-07
1.51263e-07
4.07715e-07
2.81928e-07
2.0043e-07
2.4768e-07
2.47715e-07
2.32202e-07
1.09223e-07
3.00324e-07
1.34378e-07
2.78359e-07
1.23732e-07
1.2755e-07
2.15372e-07
1.45306e-07
1.88533e-07
1.81547e-07
2.19523e-07
1.31764e-07
2.10623e-07
3.61789e-08
1.6854e-07
1.06594e-07
2.31983e-07
4.63053e-08
7.24831e-08
1.77946e-07
2.66039e-07
2.51486e-07
2.6307e-07
9.83638e-08
1.5595e-07
2.64829e-07
1.32873e-07
3.93134e-07
2.92828e-07
1.54923e-07
2.30836e-07
3.08069e-07
2.44674e-07
2.69356e-07
2.49171e-07
3.25824e-07
1.78886e-07
1.98978e-07
2.0012e-07
2.34039e-07
1.52814e-07
1.14687e-07
1.51493e-07
1.55327e-07
1.98166e-07
1.5711e-07
1.21842e-07
5.03649e-08
2.79386e-07
7.73909e-09
1.21181e-07
4.40365e-07
1.15614e-07
1.0416e-07
2.33668e-07
1.897e-07
1.98151e-07
2.13218e-07
6.83633e-08
1.80086e-07
2.66098e-07
1.81473e-07
3.80704e-07
9.3501e-08
3.68437e-08
1.6529e-08
2.27224e-07
2.61519e-07
1.49284e-07
9.94785e-08
2.67446e-07
3.43127e-07
6.99696e-08
2.29652e-07
1.13186e-07
2.61451e-07
2.24157e-07
1.97764e-07
1.63718e-07
3.04072e-07
5.34785e-08
2.23223e-07
1.90338e-07
5.55424e-08
3.1495e-07
5.0518e-07
2.0895e-07
1.67493e-07
3.36969e-07
7.47014e-08
2.18579e-07
2.80407e-07
2.36446e-07
1.10826e-07
2.40487e-07
1.45054e-07
2.54714e-07
1.90143e-07
1.85911e-07
1.5053e-07
4.7987e-08
1.15701e-07
2.71515e-07
1.86861e-07
2.09264e-07
1.26269e-07
3.37225e-07
2.16554e-07
1.65955e-07
1.12825e-07
1.14412e-07
1.32953e-07
1.57876e-07
1.40183e-07
4.55026e-07
2.89648e-07
8.85149e-08
1.13866e-07
2.43056e-07
1.62745e-07
3.22669e-07
1.57806e-07
8.17117e-08
2.82942e-07
9.33112e-08
2.25717e-07
3.41531e-07
2.00328e-07
2.27806e-07
2.77051e-07
2.08357e-07
2.60045e-07
1.8737e-07
2.82832e-07
2.93821e-07
2.20595e-07
8.1974e-08
3.11937e-07
1.42283e-07
2.84569e-07
1.85143e-07
2.11584e-07
1.23893e-07
2.82032e-07
1.72656e-07
2.00195e-07
2.22807e-07
2.81857e-07
8.68379e-08
1.50012e-07
2.26358e-07
2.45052e-07
3.0763e-07
2.19778e-07
3.99685e-07
1.86736e-07
5.68473e-08
9.76955e-08
2.78541e-07
3.24003e-08
7.86617e-08
2.73203e-07
2.47647e-07
1.45406e-07
3.01907e-07
1.12542e-07
5.15546e-08
1.61889e-07
2.45818e-07
1.216e-07
9.28913e-08
4.29871e-07
2.35296e-07
9.1575e-08
2.52494e-07
1.26407e-07
1.6974e-07
2.67033e-07
2.298e-07
2.41157e-07
4.01905e-07
3.63034e-07
2.94462e-07
1.65171e-07
3.09649e-07
9.84188e-08
3.34368e-07
2.05506e-07
2.06583e-07
1.72185e-07
2.4283e-07
1.53246e-07
2.5998e-07
1.99159e-07
2.62969e-07
1.11651e-07
2.33056e-07
1.44324e-07
1.81348e-07
3.85276e-07
2.34647e-07
2.69203e-07
2.02051e-07
2.44554e-07
2.0001e-07
1.26724e-07
2.46608e-07
2.79553e-07
3.48272e-07
6.06938e-08
1.86077e-07
1.08265e-07
1.32382e-07
3.03382e-07
1.79015e-07
2.79469e-07
1.9564e-07
3.10293e-07
9.19058e-08
1.75157e-07
1.54964e-07
2.25402e-07
2.33131e-07
2.48525e-07
1.95857e-07
3.06994e-07
2.94248e-07
1.69319e-07
3.95129e-07
1.93809e-07
1.83469e-07
8.04638e-08
4.03301e-07
1.44937e-07
3.63871e-08
6.63832e-08
1.81676e-07
4.23426e-07
3.15111e-07
2.86133e-07
2.01829e-07
1.37551e-07
1.96111e-07
1.03049e-07
1.01077e-07
2.6423e-07
3.09898e-07
1.11535e-07
2.13869e-07
6.06295e-08
2.09766e-07
1.61976e-07
9.65598e-08
1.44547e-07
1.12883e-07
2.5123e-07
6.01845e-08
1.8967e-07
2.84262e-08
9.50606e-08
3.23628e-07
8.61463e-08
4.01801e-07
2.48641e-07
2.79996e-07
1.15616e-07
1.76972e-07
1.04845e-07
1.62607e-07
1.96995e-07
1.35119e-07
1.97882e-07
1.38838e-07
4.30839e-07
2.21639e-07
1.35178e-07
2.3653e-07
1.96611e-07
3.39663e-07
1.05375e-07
3.3173e-08
2.60494e-07
2.9091e-07
9.78657e-08
2.00606e-07
3.53658e-07
1.90783e-07
2.3417e-07
1.72705e-07
-1.31041e-08
2.61926e-07
2.29615e-07
-3.71808e-09
2.73913e-07
1.08579e-07
1.28481e-07
9.4567e-08
1.4628e-07
2.28976e-07
2.66631e-07
2.91982e-07
1.94843e-07
3.28239e-07
9.7316e-08
2.87379e-07
1.19946e-07
1.54756e-07
1.9034e-07
-8.02839e-08
2.34937e-07
2.24805e-08
3.98318e-07
1.80667e-07
9.85702e-08
2.6837e-07
1.60708e-07
2.10464e-07
1.64716e-07
1.66205e-07
2.902e-07
2.99225e-07
3.58654e-07
1.86042e-07
2.2486e-07
1.27552e-07
1.81735e-07
1.58396e-07
2.21207e-07
1.71895e-07
-7.59184e-09
2.34474e-07
1.77243e-07
2.37504e-07
1.46986e-07
3.31095e-07
1.63105e-07
1.43565e-07
2.86243e-07
2.86264e-07
2.23511e-07
1.67809e-07
1.49763e-07
9.78974e-08
2.71128e-07
1.68944e-07
1.19536e-07
1.77011e-07
1.84045e-07
2.40663e-07
1.38437e-07
2.41028e-07
1.93036e-07
1.99225e-07
1.08476e-07
9.03057e-08
2.44265e-07
9.07953e-08
1.92627e-07
2.18632e-07
1.49247e-07
1.57258e-07
1.48829e-07
2.23975e-07
2.52851e-07
1.53785e-07
1.52443e-07
1.15693e-07
2.77583e-07
3.20219e-07
2.72424e-07
1.67312e-07
1.42755e-07
4.27858e-07
2.18385e-07
3.26237e-07
1.17898e-07
2.53584e-07
2.07433e-07
1.62308e-07
4.32169e-08
2.63861e-07
2.29443e-07
1.7731e-07
1.78098e-07
1.81285e-07
3.77394e-07
1.47804e-07
2.28221e-07
3.08822e-07
1.82629e-07
4.38333e-07
1.67139e-07
3.54102e-08
4.81884e-08
2.0323e-07
2.40504e-07
1.65078e-07
5.74594e-08
2.46927e-07
2.24191e-07
1.93746e-07
1.98901e-07
1.48429e-07
2.97455e-07
2.62267e-07
1.77832e-07
5.83176e-08
1.81662e-07
2.65454e-07
2.53763e-07
7.54175e-08
1.11043e-07
1.28008e-07
-1.98691e-09
2.31417e-07
2.03384e-07
1.56196e-07
2.5438e-07
1.3482e-07
2.26912e-07
9.10862e-08
-1.21249e-08
1.41982e-07
1.3239e-07
4.19037e-08
1.28235e-07
3.54932e-07
7.25579e-08
2.53676e-07
1.52239e-07
2.40705e-07
2.95589e-07
2.39983e-07
3.46493e-07
1.19694e-07
1.65807e-07
3.09543e-07
2.8378e-07
2.39395e-07
1.66265e-07
1.88793e-07
2.4441e-07
1.36735e-07
2.53339e-07
8.11535e-08
2.49617e-07
2.78252e-07
1.77641e-07
1.63702e-07
2.59668e-07
2.21443e-07
1.84625e-07
1.3155e-07
7.46351e-08
1.94615e-07
1.93334e-07
1.53799e-07
1.20192e-07
1.72203e-07
2.27542e-07
2.34173e-07
8.84564e-08
2.47439e-07
2.17316e-07
2.57296e-07
9.27943e-08
6.86294e-08
5.74388e-08
8.05962e-08
2.31137e-07
1.90745e-07
2.44864e-07
2.28416e-07
8.36993e-08
1.35794e-07
1.14163e-07
1.31016e-07
1.60589e-07
2.11153e-07
2.50112e-07
1.97938e-07
6.62503e-08
3.37099e-07
1.07875e-07
2.5188e-07
3.17891e-07
2.0723e-07
2.5279e-07
7.84392e-08
2.10304e-07
1.06356e-07
2.17917e-07
1.01426e-07
2.03748e-07
2.92518e-07
2.75622e-07
-3.22362e-08
2.7559e-07
2.03335e-07
2.03126e-07
9.58727e-08
1.43221e-07
3.18754e-07
1.23786e-07
2.40998e-07
2.59175e-07
1.41288e-07
2.95333e-07
1.48378e-07
1.86194e-07
2.246e-07
1.54663e-07
1.45754e-07
2.48847e-07
1.91492e-07
1.23333e-07
2.82738e-08
3.09955e-07
2.64582e-07
1.42155e-07
2.09677e-07
2.80611e-07
2.32859e-07
2.8939e-07
1.8436e-07
2.7129e-07
2.33142e-07
1.55771e-07
1.49604e-07
1.79173e-07
2.38671e-07
2.71091e-07
7.9993e-08
1.05566e-07
1.18733e-07
6.0754e-08
2.95572e-07
2.34464e-07
9.00583e-08
1.1345e-07
1.83382e-07
2.97518e-07
3.96014e-07
1.16299e-07
2.47267e-07
1.50607e-07
2.37463e-07
3.44723e-07
1.83505e-07
3.02031e-07
2.87303e-07
1.49514e-07
1.6586e-07
3.25523e-07
2.86678e-07
9.27849e-08
1.9961e-07
2.15933e-07
2.1959e-07
1.80102e-07
1.36779e-07
1.38132e-07
1.23451e-07
1.34364e-07
1.8164e-07
1.91295e-07
2.36551e-07
3.12536e-07
9.4951e-08
1.30334e-07
1.37592e-07
3.56369e-07
1.86306e-07
2.77428e-07
1.94783e-07
3.602e-07
2.46462e-07
3.34264e-07
2.21191e-07
8.22959e-08
2.01642e-07
2.07912e-07
2.55227e-07
3.57129e-07
1.70541e-09
1.2594e-08
1.22516e-07
3.04722e-07
1.95308e-07
1.75346e-07
2.24791e-07
1.29729e-07
3.04177e-07
5.04846e-10
4.24238e-08
1.89693e-07
3.49992e-07
2.75321e-07
1.59027e-07
1.37419e-07
2.35571e-07
2.47632e-07
2.41162e-07
2.47928e-07
1.88914e-07
1.33058e-07
1.66436e-07
1.29015e-07
7.31382e-08
2.80435e-07
1.42115e-07
2.60222e-07
1.79202e-07
2.1788e-07
6.49952e-08
2.41368e-07
4.3283e-08
1.37005e-07
4.11795e-07
1.64168e-07
1.30935e-07
2.07553e-07
2.40813e-07
1.35212e-07
3.27596e-07
3.12791e-07
1.1838e-07
3.30559e-07
4.74223e-07
2.00077e-07
2.26141e-07
9.67374e-08
1.91963e-07
2.35904e-07
3.13962e-07
2.59497e-07
3.05806e-07
2.78289e-07
7.10727e-08
1.46856e-07
1.19748e-07
1.16272e-07
1.489e-07
1.52235e-07
2.48717e-07
1.95474e-07
1.96153e-07
1.86725e-07
1.8656e-07
2.28769e-07
2.4934e-07
9.91176e-08
3.59153e-08
1.76324e-07
1.46067e-07
2.62505e-07
1.49695e-07
2.06803e-07
1.05612e-07
2.83452e-07
1.42605e-07
1.59346e-07
2.64987e-07
8.14363e-08
3.45476e-07
3.39363e-07
2.99767e-07
2.21185e-07
2.08385e-07
3.4201e-07
7.91058e-08
4.24732e-08
2.71957e-07
6.59952e-08
2.44166e-07
2.72627e-07
1.97044e-07
1.70398e-07
6.5888e-09
2.67345e-07
2.36335e-07
1.02252e-07
1.8971e-07
1.72497e-07
9.69032e-08
3.01038e-07
1.1921e-07
2.95424e-07
1.04349e-07
1.50311e-07
1.40772e-07
2.7967e-07
2.14799e-07
2.88438e-07
2.11993e-07
1.86581e-07
1.85312e-07
1.58424e-07
2.11071e-07
2.26877e-08
1.33108e-07
2.14886e-07
5.38424e-08
3.44268e-07
1.27614e-07
2.76493e-07
1.67042e-07
1.24685e-07
-9.08024e-09
1.94365e-07
7.61659e-08
1.9654e-07
3.66669e-08
3.29631e-07
1.41497e-07
1.82805e-07
1.67657e-07
2.73735e-07
1.8615e-07
1.99973e-07
3.20167e-07
1.69036e-07
1.60905e-07
2.27453e-07
1.05864e-07
8.61601e-08
1.21628e-07
1.69976e-07
3.78779e-07
1.94227e-07
2.02029e-07
6.24042e-08
2.0263e-07
9.74967e-08
3.04905e-07
2.59163e-07
2.15666e-07
2.37433e-07
3.40882e-07
1.33618e-07
1.57237e-07
2.84145e-07
1.53884e-07
2.91214e-07
1.96369e-07
1.12243e-07
1.51683e-07
1.49741e-07
1.03952e-07
4.18433e-07
1.21074e-07
2.02675e-07
2.76184e-07
6.72469e-09
1.55203e-07
1.28223e-07
2.27465e-07
3.29934e-07
2.2672e-07
1.02657e-07
2.48176e-07
1.49129e-07
1.97531e-07
6.58962e-08
3.06951e-07
1.60732e-07
2.46869e-07
3.84393e-07
1.51531e-07
1.38701e-07
1.37753e-07
1.86732e-07
2.06193e-07
1.18553e-07
2.5291e-07
2.81997e-07
1.50134e-07
1.22661e-07
2.0303e-07
1.92341e-07
3.07189e-07
2.91906e-07
9.77227e-08
1.23846e-07
1.43063e-08
1.49714e-07
2.75905e-07
8.71088e-08
2.4565e-07
2.383e-07
1.01839e-07
2.02789e-07
2.41961e-07
1.43445e-07
1.145e-07
2.09313e-07
-7.11822e-09
3.66482e-07
1.93826e-07
1.23309e-07
3.36973e-07
2.27456e-07
1.14842e-07
2.92615e-07
1.57262e-07
1.83028e-07
-2.82215e-08
1.38837e-07
2.08221e-07
2.88396e-07
2.5541e-07
2.37654e-07
1.27086e-07
2.30492e-07
2.08427e-07
1.85989e-07
3.55067e-07
1.94322e-07
8.80716e-08
1.65507e-07
2.10905e-07
1.83135e-07
3.07651e-07
2.66452e-07
1.1251e-07
2.23295e-07
5.82331e-08
2.52718e-07
1.85223e-07
2.72359e-07
4.00625e-07
1.77032e-07
2.58302e-07
1.65476e-07
3.09046e-07
1.33942e-07
9.36322e-08
2.5043e-07
2.25659e-07
3.06203e-07
1.62133e-07
2.28994e-07
2.88031e-07
1.02744e-07
3.0882e-07
2.90755e-07
3.1086e-07
2.00394e-07
9.49985e-08
1.15652e-07
3.44775e-07
2.97471e-07
2.07867e-07
1.74656e-07
3.57151e-07
8.37573e-08
1.35129e-07
7.31221e-08
2.87126e-07
2.19059e-07
7.73451e-08
1.77587e-07
1.25729e-07
1.43467e-07
1.84853e-07
1.23029e-07
2.62554e-08
2.06986e-07
1.4793e-07
2.18448e-07
1.09334e-07
3.54027e-07
2.55238e-07
3.84866e-07
1.17966e-07
2.7661e-07
2.05436e-07
2.06074e-07
2.35922e-07
3.19347e-07
1.76352e-07
2.6993e-07
2.50983e-07
3.69996e-07
1.90327e-07
1.82931e-07
3.54453e-07
7.10994e-08
2.47845e-07
1.1959e-07
1.73826e-07
2.06208e-07
2.3481e-07
1.63762e-07
1.70718e-07
3.37834e-07
2.71838e-07
1.31985e-07
2.12974e-07
1.35091e-07
7.3101e-08
9.04672e-09
2.04626e-07
2.98051e-07
2.61907e-07
2.2066e-07
2.96324e-07
1.35547e-07
2.38516e-07
2.20492e-07
1.62908e-07
1.45508e-07
1.00929e-07
2.82794e-07
4.84132e-08
1.64671e-07
1.38086e-07
2.55683e-07
1.34053e-07
7.13312e-08
3.34441e-07
2.76983e-07
2.38191e-07
-5.06463e-09
1.47834e-07
2.23225e-07
1.67077e-07
1.47185e-07
1.27121e-07
2.15332e-07
3.0401e-07
2.57914e-07
1.85116e-08
1.70944e-07
1.43365e-07
1.62136e-07
1.68593e-07
2.2561e-07
2.03956e-07
9.72199e-08
3.14411e-07
2.82811e-07
1.73681e-07
1.59516e-07
2.01984e-07
1.0834e-08
2.22799e-07
2.78478e-07
1.9924e-07
2.48574e-07
3.52217e-07
8.47662e-08
2.05852e-07
2.79886e-07
9.1519e-08
1.87443e-07
2.29794e-07
3.42536e-07
1.18821e-07
5.70288e-08
2.45349e-07
3.66293e-08
1.4736e-07
3.87983e-07
1.61235e-07
1.53031e-07
1.91503e-07
1.00838e-07
6.41011e-08
2.46456e-07
2.52416e-07
2.61247e-07
9.64771e-08
1.67645e-07
1.7328e-07
1.66973e-07
1.76573e-07
1.0918e-07
2.48594e-07
2.2855e-07
2.11031e-07
2.35151e-07
1.38324e-07
1.57121e-07
3.28983e-07
2.60249e-07
1.00962e-07
2.30264e-07
2.64908e-07
1.44321e-07
1.06164e-07
2.81524e-07
5.87482e-08
1.1566e-07
9.11606e-08
1.45794e-07
2.08975e-07
3.0586e-08
1.14931e-07
1.55954e-07
1.66092e-07
1.82717e-07
4.03114e-09
1.15138e-07
-2.97733e-08
1.5173e-07
6.83978e-08
9.3922e-08
3.19316e-07
3.76797e-07
3.53609e-07
8.7415e-08
2.5189e-07
2.78029e-07
2.45513e-07
2.91398e-07
7.64357e-08
3.39205e-07
1.63405e-07
1.74187e-07
1.46874e-07
1.99637e-07
8.81844e-08
3.48164e-07
2.74939e-07
3.26021e-07
2.92938e-07
2.71072e-07
1.30242e-07
3.86541e-07
1.00583e-07
2.55585e-07
6.83847e-08
1.50632e-07
1.72695e-07
2.82187e-07
1.66329e-07
1.97055e-07
1.5554e-07
1.35298e-07
-3.47623e-08
2.56442e-07
2.73218e-07
2.43164e-07
2.23022e-07
2.30247e-07
1.61092e-07
9.2935e-08
1.56212e-07
3.50625e-07
2.06322e-07
3.89149e-07
1.55297e-07
2.61806e-07
3.64071e-07
1.15123e-07
2.64008e-07
1.4198e-07
1.87554e-07
1.63073e-07
1.50753e-07
1.96619e-07
8.60084e-08
2.45601e-07
6.58461e-08
1.71162e-07
1.11917e-07
2.80991e-07
1.84301e-07
9.99043e-08
2.60176e-07
3.20659e-07
1.5753e-07
3.02967e-07
2.82392e-07
2.48714e-07
1.92125e-07
2.79043e-07
2.4152e-07
2.79423e-07
2.01134e-07
2.04464e-07
3.16509e-07
2.11856e-07
2.11656e-07
1.38813e-07
2.15289e-07
1.72732e-07
2.33222e-07
2.85591e-07
1.75583e-07
1.35113e-07
3.0032e-07
1.67528e-07
2.44478e-07
2.37063e-07
2.28941e-07
1.56887e-07
2.76167e-07
9.00063e-08
2.3737e-07
1.8911e-07
1.7893e-07
1.77547e-07
2.6371e-07
3.94077e-08
2.86819e-07
1.9454e-07
3.68273e-07
1.21959e-07
2.04203e-07
1.76816e-07
2.61947e-07
2.26653e-07
2.20181e-07
1.76202e-07
3.59038e-07
3.01861e-07
3.30553e-07
2.52529e-07
1.82445e-07
1.69906e-07
1.74702e-07
4.50047e-07
2.0439e-07
4.70282e-08
2.32539e-07
1.89211e-07
2.05879e-07
2.83691e-07
2.99132e-07
3.02693e-07
2.88981e-07
2.84626e-07
2.01526e-07
1.73263e-07
2.70014e-07
1.34503e-07
2.75896e-07
3.46695e-07
1.52014e-07
3.89293e-07
3.76377e-07
2.15236e-07
1.57417e-07
2.08179e-07
2.06404e-07
3.41756e-07
6.04151e-08
2.12222e-07
1.80944e-07
1.16157e-07
2.24975e-07
2.15486e-07
1.91473e-07
1.57745e-07
2.22047e-07
1.68532e-07
9.49583e-08
1.84001e-07
3.30014e-07
1.825e-07
3.34614e-07
3.80387e-07
1.55526e-07
3.37677e-07
3.32364e-07
1.3932e-07
3.13205e-07
1.02911e-07
7.4372e-08
1.33175e-07
4.22356e-07
1.42642e-07
2.30745e-07
8.76444e-08
9.36491e-08
1.84382e-07
1.16609e-07
2.98463e-07
1.55861e-07
3.19221e-07
4.5206e-07
3.33706e-07
1.73554e-07
2.86609e-07
1.36893e-07
1.99394e-07
2.54596e-07
3.1894e-08
1.60212e-07
3.00881e-07
3.26624e-07
1.96746e-07
1.37639e-07
2.15032e-07
3.03428e-07
2.09676e-07
1.10983e-07
6.84374e-08
1.64228e-07
2.40975e-07
2.02219e-07
1.14724e-07
1.32446e-07
3.62659e-07
1.29198e-07
1.98213e-07
1.3383e-07
2.47778e-07
3.11103e-07
2.77847e-07
2.54639e-07
2.45837e-07
2.02819e-08
2.3977e-07
3.76014e-07
1.36342e-07
-5.59472e-09
7.73939e-08
2.14644e-07
2.09673e-07
1.25715e-08
2.01783e-07
1.07598e-07
2.52202e-07
2.3709e-07
1.28506e-07
1.98756e-07
2.63084e-07
4.26211e-08
2.02138e-07
2.13311e-07
2.96327e-07
2.78929e-07
3.10383e-07
2.44808e-07
2.68367e-07
1.15777e-07
2.18213e-07
1.89144e-07
-4.75915e-08
2.89369e-07
1.69998e-07
4.24838e-07
1.51631e-07
2.21062e-07
1.19272e-07
2.10623e-07
1.60642e-07
3.86293e-07
1.04911e-07
3.29283e-07
1.61309e-07
2.76684e-07
2.62587e-07
1.81296e-07
2.08038e-07
1.74218e-07
3.32225e-07
7.60478e-08
2.02234e-07
2.59875e-07
2.98981e-07
1.96071e-07
1.18736e-07
3.42212e-07
2.49665e-07
1.63204e-07
2.52476e-07
2.20415e-07
1.58393e-07
2.30804e-07
3.0445e-07
2.27878e-07
1.99131e-07
1.67836e-07
1.8898e-07
1.93953e-07
2.93447e-07
1.80846e-07
7.24604e-08
2.86733e-07
2.98374e-07
3.0587e-07
5.00902e-08
1.89047e-07
1.19558e-07
1.63343e-07
2.74474e-07
2.73177e-07
3.20779e-07
7.23555e-08
1.70513e-07
1.4195e-07
1.22068e-07
2.29442e-07
1.66228e-07
1.35571e-07
3.11484e-07
3.0235e-07
2.25318e-07
1.88371e-07
1.5308e-07
2.75945e-07
1.82872e-07
2.01648e-07
3.39645e-07
3.77389e-07
1.49402e-07
2.92386e-07
4.11758e-08
1.7545e-07
2.57572e-07
2.80161e-07
1.38095e-07
1.50882e-07
1.44244e-07
3.90364e-07
1.42481e-07
4.0398e-07
2.86894e-07
1.88084e-07
3.00471e-07
2.28821e-07
1.49488e-07
2.35733e-07
2.50683e-07
2.93062e-07
1.99304e-07
1.19291e-07
2.31611e-07
1.48579e-07
9.98578e-08
2.55581e-07
3.76174e-07
2.32995e-07
3.46368e-07
4.51179e-07
2.57249e-07
2.40894e-07
1.28304e-07
6.7886e-08
2.49489e-07
-1.53654e-08
1.98633e-07
2.51367e-07
1.37189e-07
8.06128e-08
3.44579e-07
3.38882e-07
7.46446e-08
2.7571e-07
2.21945e-07
1.98975e-07
1.87456e-07
8.60167e-08
2.44254e-07
8.47701e-08
2.38979e-07
1.85613e-07
2.83151e-07
2.56394e-07
1.2208e-07
8.64366e-08
2.78605e-07
1.41341e-07
1.85909e-07
3.4068e-07
4.59643e-08
2.96497e-07
2.66967e-07
2.43733e-07
2.8989e-07
1.79582e-07
1.39267e-07
1.97089e-07
2.66757e-07
1.20427e-07
1.18886e-07
2.08586e-07
2.83503e-07
2.50253e-07
2.2444e-07
8.80905e-08
1.75465e-07
1.29683e-07
2.1525e-07
3.01637e-07
8.38016e-08
2.16298e-07
1.53682e-07
2.89643e-07
1.40054e-07
1.35836e-07
1.81141e-07
7.04173e-08
1.06209e-07
2.55371e-07
4.04431e-07
5.53893e-08
2.7444e-07
2.30687e-07
1.2823e-07
2.3044e-07
2.1814e-07
2.32862e-07
2.91827e-07
1.56755e-07
8.256e-08
2.74294e-07
1.59841e-07
1.0732e-07
3.08916e-08
6.30594e-08
3.30817e-07
1.397e-07
1.93472e-07
3.38513e-07
2.02325e-07
3.05147e-07
2.52065e-07
1.52553e-07
1.24388e-07
2.45489e-07
1.32954e-07
2.39855e-07
1.16041e-07
2.71722e-07
8.23869e-08
2.97505e-07
1.63935e-07
1.19161e-07
1.83808e-07
1.27182e-07
2.11267e-07
1.41976e-07
3.34441e-07
1.14364e-07
2.71255e-07
3.27954e-07
1.73192e-07
2.11825e-07
1.46189e-07
2.12651e-07
3.65935e-07
3.01372e-07
2.69559e-07
1.87673e-07
2.33902e-07
1.18289e-07
2.55227e-07
1.49587e-07
1.6662e-07
1.5728e-07
8.57495e-08
1.2177e-07
2.53503e-07
1.24149e-07
2.46804e-07
2.55099e-07
2.60855e-07
1.28316e-07
1.1093e-07
2.64598e-07
1.38508e-07
3.49205e-07
-2.21769e-08
1.59208e-07
2.46581e-07
4.41809e-08
9.52191e-08
9.58562e-08
4.23953e-08
2.85129e-07
3.25169e-07
1.30585e-07
2.28362e-07
1.6598e-07
1.42014e-07
2.76599e-07
5.63372e-08
2.17205e-07
1.33661e-07
2.60798e-07
1.63567e-07
1.96783e-07
2.25185e-07
2.58185e-07
1.73409e-07
1.67596e-07
2.64781e-07
2.8856e-07
2.70835e-07
1.53682e-07
1.51587e-07
1.31707e-07
-1.41999e-08
1.30978e-07
2.95806e-07
1.64831e-07
2.21939e-07
4.04524e-07
3.20895e-07
2.09583e-07
1.61858e-07
2.05648e-07
9.7247e-08
1.40726e-07
2.79596e-07
2.17051e-07
2.95097e-07
2.26386e-07
2.75657e-07
2.79095e-07
1.17747e-07
3.93561e-09
6.00216e-08
3.39153e-07
1.06156e-07
7.06638e-08
1.71766e-07
7.10224e-08
2.33623e-07
2.867e-07
1.38652e-07
1.25893e-08
2.55793e-07
2.55083e-07
2.30877e-07
2.5691e-07
1.85696e-07
2.70404e-07
1.05874e-07
1.12905e-07
2.48382e-07
2.45105e-07
1.84463e-07
2.9076e-07
2.40235e-07
1.59804e-07
2.33646e-07
2.22526e-07
1.07327e-07
3.08874e-07
2.27477e-07
-1.34294e-09
4.45179e-09
2.58902e-07
2.04532e-07
1.52708e-07
1.98033e-07
6.766e-08
2.74462e-07
7.92826e-08
1.65489e-07
1.36977e-07
2.11687e-07
2.07437e-07
-2.94015e-08
2.58094e-07
2.79194e-07
1.64878e-07
2.61829e-07
2.60779e-07
3.08667e-07
1.63114e-07
3.01245e-07
1.80237e-07
2.14736e-07
6.79933e-08
2.18983e-07
1.47586e-07
1.22651e-07
2.56963e-07
2.43195e-07
8.83158e-08
6.81803e-08
1.57466e-07
2.20787e-07
1.897e-07
1.23308e-07
1.08637e-07
1.93124e-07
1.93487e-07
3.98156e-07
2.31097e-07
2.7739e-07
2.06947e-07
1.76538e-07
1.30507e-07
1.07105e-07
6.77729e-08
2.1768e-07
1.87617e-07
7.42312e-08
2.35013e-07
2.26125e-07
3.04702e-07
1.38759e-07
7.23914e-08
2.60618e-08
1.89523e-07
1.91072e-07
1.7703e-07
1.13052e-07
2.32237e-07
3.99951e-07
2.2401e-07
1.4266e-07
1.57889e-07
3.04855e-07
1.7342e-07
1.33564e-07
1.92415e-07
3.08022e-07
1.61214e-07
3.07552e-07
6.83094e-08
1.80947e-07
2.94482e-07
2.02247e-07
1.72103e-07
3.28114e-07
9.69038e-08
1.31969e-07
5.99351e-08
1.91973e-07
3.29e-07
1.69591e-07
2.54307e-07
3.19573e-07
2.60949e-07
2.92793e-07
2.52263e-07
1.32926e-07
2.42314e-07
3.37043e-07
2.63689e-08
2.42695e-07
2.13336e-07
2.22198e-07
2.08449e-07
2.13004e-07
1.63911e-07
1.55123e-07
3.51365e-07
1.88162e-07
3.19684e-07
2.36404e-07
2.13751e-07
1.93228e-07
2.05937e-07
1.85729e-07
4.59307e-09
2.66954e-07
2.24759e-07
1.9709e-07
1.70967e-07
1.19197e-07
2.12084e-07
1.80871e-07
3.97156e-07
1.79682e-07
8.40411e-08
2.65764e-07
1.37431e-07
8.83042e-08
4.37199e-07
1.91925e-08
2.69832e-07
1.22822e-07
2.67703e-07
1.61031e-07
1.77205e-07
1.95351e-07
4.26636e-08
1.18014e-07
1.10586e-07
8.24698e-08
1.55761e-07
3.37832e-07
2.14299e-07
1.96448e-07
2.70173e-07
1.98991e-07
3.13989e-07
1.81507e-07
1.3636e-07
1.22655e-07
4.00551e-08
1.98181e-07
2.83581e-07
3.30336e-07
1.81412e-07
1.7069e-07
1.86368e-07
2.40054e-07
2.19858e-07
1.54961e-07
1.98067e-07
1.43182e-07
1.562e-07
1.69281e-07
2.06439e-07
2.48981e-07
3.68453e-08
2.53294e-07
2.78605e-07
2.53856e-07
1.66173e-07
3.49664e-07
5.85445e-08
1.43027e-07
4.65971e-08
8.5614e-08
1.12541e-07
3.9805e-07
1.9843e-08
3.10399e-07
1.57508e-07
2.28952e-07
2.47273e-07
2.55127e-07
1.17401e-07
2.17583e-07
3.02059e-07
1.84707e-07
1.80726e-07
2.45263e-07
2.36808e-07
1.09221e-08
4.16417e-07
2.52095e-07
1.46975e-07
3.29155e-07
2.82144e-07
3.65951e-08
1.45065e-07
2.88578e-07
1.70762e-07
1.00835e-07
1.46262e-07
3.04472e-07
1.29248e-07
2.3368e-07
1.22122e-07
2.70652e-07
3.10339e-07
2.28798e-07
1.60233e-07
2.96938e-07
7.41529e-09
2.24583e-07
1.97239e-07
1.71488e-07
1.6997e-07
1.69214e-07
2.02744e-07
8.50795e-08
2.20631e-07
1.31367e-07
1.05157e-07
2.83869e-07
3.0334e-07
2.1798e-07
2.50389e-07
1.47978e-07
2.01833e-07
3.30735e-07
2.43368e-07
3.06455e-07
2.39197e-07
2.11606e-07
2.68421e-07
1.93736e-07
1.59783e-07
6.18567e-08
2.29234e-07
2.68401e-07
4.04643e-07
2.03765e-07
3.36592e-08
8.59512e-08
1.63363e-07
1.23914e-07
2.72799e-07
1.9153e-07
7.31607e-08
2.69873e-07
1.81672e-07
2.28054e-07
2.9873e-07
2.91188e-07
8.83773e-08
2.76466e-07
2.60242e-07
2.94667e-07
1.04888e-07
1.6461e-07
1.30497e-07
3.24284e-07
1.61055e-07
1.16226e-07
3.82967e-07
1.09618e-07
2.7521e-07
1.29125e-07
9.7643e-08
1.57167e-07
9.68711e-08
1.13303e-07
6.62626e-08
1.60487e-07
1.61018e-07
2.68481e-07
1.25961e-07
9.41429e-08
2.47654e-07
1.02144e-07
-5.1188e-08
1.70473e-07
1.86383e-08
2.02971e-07
1.09915e-07
2.36855e-07
1.66204e-07
1.39797e-07
2.41514e-07
2.64114e-07
3.44733e-07
2.33267e-07
-1.40488e-08
6.78583e-08
2.49236e-07
1.14804e-07
3.01087e-07
2.48967e-07
1.58305e-07
3.36157e-07
1.60443e-07
1.69007e-07
1.82341e-07
1.44313e-07
1.12805e-07
1.47497e-07
7.03306e-08
2.10053e-07
3.92678e-07
3.22759e-07
1.91915e-07
2.82106e-07
2.10104e-07
2.20653e-07
1.25227e-07
2.25259e-07
2.20402e-07
2.00159e-07
3.21703e-07
1.96443e-07
2.20781e-07
2.71091e-07
1.22787e-07
2.29841e-07
1.18322e-07
-9.00632e-08
2.99985e-08
2.19776e-07
3.33501e-07
1.18873e-07
2.50461e-07
3.3212e-07
3.05198e-07
1.0943e-07
2.66235e-07
2.78075e-07
1.94742e-07
1.38453e-07
1.05856e-07
3.13499e-08
2.53394e-08
3.15961e-08
2.20371e-07
3.80612e-07
3.36358e-07
5.15352e-08
2.61357e-07
3.42811e-07
1.78893e-07
5.24241e-09
1.68961e-07
-3.14721e-09
1.4427e-07
3.65495e-08
1.95822e-07
3.17574e-07
3.22783e-08
-6.39688e-09
2.72856e-07
2.78228e-07
1.42074e-07
1.86228e-07
2.97564e-07
1.46889e-07
1.25677e-07
9.31882e-08
2.42256e-07
7.46273e-08
1.38586e-07
2.22606e-07
1.73422e-07
3.38602e-07
1.31806e-07
2.39473e-07
1.24198e-07
1.91854e-07
2.01578e-07
2.60391e-07
2.47161e-07
2.27234e-07
3.93701e-07
2.89413e-07
3.29842e-07
4.05529e-07
1.1432e-07
2.06439e-07
1.45335e-07
5.74192e-08
-3.76976e-08
2.57351e-07
1.73738e-07
3.0273e-07
3.3771e-07
1.56118e-07
1.48674e-07
1.0405e-07
1.13147e-07
1.21753e-07
1.5807e-08
2.74683e-07
1.72271e-07
1.7704e-07
1.58224e-07
2.4857e-07
1.79685e-09
2.82757e-07
2.14193e-07
1.68902e-07
1.68024e-07
1.4412e-07
1.57448e-07
2.89945e-07
2.70058e-07
2.89104e-07
3.08525e-07
1.88397e-07
8.31793e-08
2.90942e-07
3.71994e-07
1.92286e-07
1.51466e-07
2.67311e-07
3.17582e-07
1.69662e-07
1.61458e-07
1.06602e-07
7.82391e-08
3.44811e-07
1.01224e-07
1.14258e-07
2.23719e-07
2.11056e-07
2.04436e-07
2.74699e-07
2.46324e-07
1.74785e-07
3.18847e-07
9.75047e-08
3.40002e-08
2.08155e-07
5.14702e-08
1.93763e-07
2.41586e-07
1.20785e-07
1.39794e-07
7.21966e-08
7.6134e-08
6.92144e-08
2.0556e-07
1.77154e-07
1.20931e-07
2.43343e-07
3.24767e-07
4.93235e-08
4.65308e-08
2.92267e-07
5.40414e-08
9.82921e-08
2.76475e-07
2.35089e-07
3.42662e-07
2.27486e-07
1.98311e-07
2.43348e-07
-4.03654e-09
2.0463e-07
1.27173e-07
1.85108e-07
1.98158e-07
1.42007e-07
1.57985e-07
2.25156e-07
5.12052e-07
1.66127e-07
2.16624e-07
3.10523e-07
1.8699e-07
3.13594e-07
1.81084e-07
1.90171e-07
3.30247e-07
2.76044e-07
9.47354e-08
3.82937e-10
2.62704e-07
1.99998e-07
2.04007e-07
1.76101e-07
7.89789e-08
2.83563e-07
1.7937e-07
2.00314e-07
2.29749e-07
1.84548e-07
2.28396e-07
2.23348e-07
-2.09386e-08
1.49734e-07
1.31155e-07
1.05147e-07
1.09373e-07
2.83632e-07
1.22072e-08
1.62346e-07
1.37428e-07
2.29866e-07
2.49174e-07
2.99521e-07
2.79892e-08
2.62137e-07
1.52223e-07
1.05198e-07
2.12737e-07
2.11157e-07
7.06264e-08
1.71394e-07
1.59739e-07
2.48353e-07
2.1088e-07
2.18157e-07
1.74248e-07
1.26797e-07
1.42579e-07
2.44119e-07
8.21226e-08
9.95064e-08
2.32652e-07
3.43014e-07
2.21525e-07
2.57426e-07
2.14947e-07
1.91404e-07
2.40663e-07
2.09553e-07
2.12762e-07
1.5277e-07
1.09583e-07
1.89861e-07
2.91236e-07
6.60943e-08
2.18793e-07
1.42095e-07
2.8153e-07
2.8466e-07
3.06811e-07
1.35891e-07
2.45401e-07
1.12226e-07
1.05139e-07
2.92848e-07
2.39515e-07
1.39421e-07
2.08477e-07
1.97781e-07
2.92777e-07
7.59735e-08
1.80391e-07
2.99863e-07
2.55397e-07
1.2168e-07
1.46086e-07
1.66086e-07
1.76773e-07
1.14461e-07
1.94953e-07
8.62466e-08
5.77026e-08
1.15987e-07
2.78834e-07
1.64765e-07
1.00358e-08
1.99211e-07
2.88135e-07
1.6158e-07
2.73654e-07
2.1691e-07
1.30636e-07
6.3707e-08
1.18881e-07
2.19374e-07
1.81811e-07
1.68423e-07
5.50942e-08
1.95774e-07
1.77545e-07
2.06602e-07
9.19412e-08
3.28565e-07
1.40804e-07
1.6143e-07
5.55295e-08
2.12633e-07
2.14194e-07
1.41001e-07
3.64898e-07
2.80809e-07
1.89792e-07
2.64376e-07
3.07156e-08
1.46524e-07
2.66535e-07
1.86641e-07
2.57621e-07
2.4286e-07
1.92593e-07
1.32217e-07
1.42061e-07
3.95737e-07
2.63038e-07
1.7627e-07
2.40489e-07
1.56804e-07
1.34823e-07
1.31555e-07
2.62928e-07
2.27359e-07
2.00637e-07
2.279e-07
1.80275e-07
2.99472e-07
3.10968e-07
4.2029e-07
2.88053e-07
2.10844e-07
1.67606e-07
7.42156e-08
2.17289e-07
3.90123e-08
-2.2661e-08
3.32605e-07
2.30344e-07
1.20478e-07
2.64657e-07
1.38703e-07
1.14375e-07
2.01331e-07
2.59875e-07
1.23212e-07
2.49176e-07
1.64465e-07
3.18005e-07
3.03483e-07
6.17516e-08
3.23219e-07
3.07188e-07
1.2656e-07
2.17118e-07
2.26381e-07
1.65982e-07
2.86241e-07
1.58974e-07
2.62766e-07
1.27372e-07
3.17887e-07
2.24247e-07
1.38183e-07
1.84884e-07
1.08274e-08
1.80308e-07
2.27338e-07
1.55058e-07
2.96338e-07
2.15464e-07
4.37424e-07
2.4264e-07
1.16357e-07
5.47109e-08
1.68944e-07
2.13444e-07
6.52256e-08
9.10203e-08
1.82504e-07
1.77459e-07
3.0956e-07
9.82518e-08
1.55829e-07
1.35505e-07
1.76121e-07
2.4923e-07
2.04229e-07
3.25243e-07
1.25495e-07
2.63737e-07
2.60211e-08
1.19607e-07
3.74727e-07
3.54369e-08
1.35123e-08
1.9914e-07
2.54189e-07
1.39066e-07
3.22577e-07
1.8276e-07
2.54673e-08
1.30054e-07
2.78889e-07
3.10316e-07
1.52364e-07
2.59674e-07
2.94078e-07
3.92055e-07
2.3547e-07
8.30245e-08
3.07993e-07
1.71277e-07
3.3352e-08
3.04887e-07
2.89919e-07
2.55596e-07
2.81378e-07
2.69151e-07
5.27741e-08
2.12025e-07
1.80949e-07
1.39165e-07
1.11203e-07
1.77895e-07
9.96649e-08
3.36313e-07
1.74091e-07
2.28743e-07
1.7523e-08
2.15868e-07
3.05883e-07
2.89402e-08
2.36891e-07
2.46723e-07
2.07187e-07
3.42606e-07
1.78564e-07
2.99917e-07
2.51099e-08
1.95632e-07
2.9694e-07
2.46651e-07
1.97452e-07
3.03202e-07
3.0768e-07
1.42163e-07
1.84091e-07
3.09251e-07
2.25274e-07
1.92654e-07
1.21887e-07
2.48563e-07
-4.54855e-08
1.89588e-07
1.20227e-07
2.28191e-07
2.89363e-07
1.76042e-07
1.52676e-07
2.57475e-07
2.20693e-07
1.55541e-07
2.36838e-07
1.93129e-07
1.0327e-07
1.72259e-07
1.54275e-07
2.30509e-07
1.35426e-07
2.02304e-07
1.07661e-07
1.8351e-07
2.43618e-08
2.61716e-07
2.28958e-07
2.4125e-07
2.87186e-07
1.06036e-07
3.68007e-07
8.75026e-08
2.70254e-07
2.5162e-07
2.36154e-07
3.39967e-07
2.22082e-07
1.71849e-07
1.09961e-07
1.66519e-07
1.84991e-07
2.29847e-07
1.18776e-07
9.85787e-08
5.70156e-08
1.51243e-07
1.49444e-07
3.05075e-07
6.03726e-08
-8.00039e-09
3.64861e-07
9.83591e-08
3.85694e-07
9.41083e-08
1.32647e-07
1.59961e-07
2.01944e-07
2.40268e-07
2.23656e-07
2.38223e-07
2.84584e-07
3.41432e-07
2.17039e-07
1.88178e-07
9.92403e-08
2.43201e-07
2.7279e-07
2.53882e-07
2.05139e-07
1.7404e-09
2.68145e-07
7.63401e-08
2.00314e-07
2.08002e-07
4.90132e-08
3.81696e-07
1.08374e-07
1.89963e-07
1.78869e-07
7.54483e-08
1.56456e-07
-2.52919e-08
4.25393e-07
2.36573e-07
2.1759e-07
8.67595e-08
3.39243e-07
2.4002e-07
1.56461e-07
2.04888e-07
7.66145e-08
2.62475e-07
1.45756e-07
3.07981e-07
2.66662e-07
1.70359e-07
-7.35777e-08
2.99913e-07
1.15189e-07
1.76432e-07
2.52463e-07
1.58751e-07
2.27807e-07
2.13142e-07
2.67232e-07
2.73795e-07
3.40353e-08
2.03589e-07
7.54015e-08
2.42687e-07
2.3471e-07
2.19116e-07
2.66331e-07
9.29626e-08
1.90223e-07
-2.26226e-08
1.30121e-07
2.36475e-07
1.1451e-07
2.79094e-07
-7.138e-09
1.52941e-07
1.74495e-07
9.2082e-08
1.27926e-07
2.38479e-07
7.4113e-08
2.26709e-07
7.75232e-08
2.96802e-07
2.71355e-07
1.43057e-07
6.70549e-08
1.46083e-07
1.79455e-07
1.58529e-07
1.19403e-07
1.2129e-07
1.90049e-07
1.84835e-07
2.74939e-07
1.9747e-07
1.66242e-07
2.5935e-07
2.00677e-07
2.09114e-07
8.64644e-08
3.05259e-07
1.39406e-07
2.03353e-07
3.28467e-07
1.502e-07
3.30023e-07
1.30615e-07
2.76643e-07
2.63582e-07
2.43106e-07
2.33778e-07
7.00633e-08
2.1424e-07
3.23274e-07
2.27875e-07
5.46074e-08
3.10391e-08
1.06031e-07
1.37121e-07
2.53592e-07
8.7662e-08
3.49082e-07
3.20906e-07
1.46615e-07
2.41271e-07
1.92235e-07
2.1516e-07
1.61795e-07
2.33324e-07
1.92618e-07
1.67101e-07
2.96227e-07
2.29606e-07
4.40386e-08
4.20523e-08
1.04159e-07
1.60653e-07
1.96516e-07
2.8106e-07
6.64418e-08
1.75441e-07
2.10941e-07
2.76882e-07
2.51289e-07
1.61316e-07
5.62746e-08
2.2666e-07
2.18638e-07
2.61064e-07
2.96564e-07
5.78493e-08
9.7269e-08
1.82618e-07
4.42023e-08
1.78334e-07
-4.51253e-09
3.43081e-07
2.29666e-07
1.09915e-07
2.98146e-07
1.4335e-07
3.20714e-07
2.99241e-07
1.52199e-07
1.40671e-07
1.9848e-07
9.37355e-08
1.75066e-07
3.02443e-07
1.93311e-07
2.84379e-07
8.37564e-08
3.00465e-07
3.16667e-07
2.20753e-07
2.03506e-07
2.50013e-07
9.85324e-08
1.62597e-07
1.41642e-07
1.20723e-07
2.18025e-07
1.91286e-07
9.16168e-08
1.35585e-07
2.5328e-07
2.10241e-07
3.18921e-07
1.19084e-07
9.28211e-08
1.5354e-07
1.86517e-07
2.00782e-07
2.31498e-07
2.29857e-07
2.18536e-07
2.88903e-07
1.98968e-07
1.87475e-07
1.42838e-07
1.47337e-07
4.14355e-07
1.53952e-07
1.44618e-07
1.36976e-07
1.98081e-07
2.31425e-07
1.62249e-07
1.80721e-07
1.81237e-07
1.83103e-07
2.58553e-07
1.29517e-07
7.92834e-08
2.4553e-07
2.32676e-07
1.99625e-07
2.16137e-07
8.79986e-08
3.65268e-07
1.82389e-07
2.42294e-07
1.93201e-07
2.61824e-07
8.30981e-08
2.47706e-07
1.41892e-07
1.82928e-07
1.51328e-08
2.00525e-07
2.35263e-07
1.25504e-07
1.22635e-07
2.25837e-07
7.43605e-08
2.18261e-07
1.44655e-07
2.35594e-07
1.50593e-07
1.1554e-07
9.67835e-08
1.87749e-07
3.44845e-07
1.58248e-07
2.0611e-07
1.22471e-07
1.56823e-07
1.49152e-07
3.67334e-07
2.46228e-07
5.02235e-08
3.78421e-08
2.02623e-07
2.46353e-07
3.9802e-07
1.8176e-07
4.07434e-08
1.02343e-07
1.22907e-07
2.99881e-07
9.71014e-08
1.39366e-07
1.55861e-07
1.65637e-07
1.48517e-07
9.55446e-08
-2.26376e-10
1.32822e-07
3.29161e-07
1.85186e-07
2.31566e-07
1.27607e-07
2.27086e-07
2.46874e-07
2.11604e-07
2.08094e-07
1.5006e-07
1.82921e-07
1.7456e-07
2.30692e-07
1.86543e-07
1.96517e-08
2.34196e-07
1.66366e-07
3.11942e-07
2.98117e-07
3.15836e-07
2.9426e-07
2.59052e-07
1.097e-07
2.76561e-07
1.29572e-07
3.45838e-07
1.37783e-07
3.016e-07
2.57413e-07
2.19462e-07
3.48045e-07
1.03332e-07
2.01114e-07
1.46708e-07
1.33907e-07
2.73161e-07
2.68138e-07
2.65294e-07
2.62406e-07
2.89787e-07
3.1574e-07
2.41722e-07
1.0041e-07
9.71203e-08
2.55685e-07
1.6965e-07
2.91066e-07
1.0667e-07
3.86993e-07
1.48056e-07
2.0105e-07
1.87556e-07
8.47817e-08
1.58676e-07
1.72364e-07
1.90034e-07
2.54904e-07
2.58875e-07
2.88091e-07
1.97024e-07
2.62241e-07
2.08783e-07
9.907e-08
2.57324e-07
2.3149e-07
3.44806e-07
1.78021e-07
2.11761e-07
3.9771e-07
1.61283e-07
1.3553e-07
1.97582e-07
1.51924e-07
2.71626e-07
3.4568e-07
1.24901e-07
2.31965e-08
1.57253e-07
3.71052e-07
2.05068e-07
1.86375e-07
2.67704e-07
3.1627e-07
2.4227e-07
2.1349e-07
7.96337e-08
2.62213e-07
2.26643e-07
2.24983e-07
3.46679e-07
2.09236e-07
1.57426e-07
2.06754e-07
1.26325e-07
1.45194e-07
1.81019e-07
1.43914e-07
1.67009e-07
1.1235e-07
2.05872e-07
2.3518e-07
5.38384e-08
5.98508e-08
2.01348e-07
2.12468e-07
3.52744e-07
3.42985e-07
2.02256e-07
1.47311e-07
7.06799e-08
1.83343e-07
2.0194e-07
1.90903e-07
2.67747e-07
2.31212e-07
1.05107e-07
1.41941e-07
2.24912e-07
2.62144e-07
1.81317e-07
3.82994e-07
1.21552e-07
8.94859e-08
3.81495e-07
2.25172e-08
9.07447e-08
1.89421e-07
2.58195e-07
1.89592e-07
1.91367e-07
1.48387e-07
1.7879e-07
1.15542e-07
2.07878e-07
1.97943e-07
-4.19147e-08
2.02023e-07
4.31529e-07
1.44804e-07
2.16454e-07
2.09962e-07
8.06132e-08
2.71789e-07
2.54506e-07
2.20958e-07
1.60196e-07
3.48628e-07
2.34567e-07
2.34935e-07
2.03671e-07
3.65521e-07
4.41568e-08
4.02356e-07
3.49287e-07
4.53427e-08
1.04542e-07
1.58329e-07
4.56649e-07
1.59721e-07
1.80825e-07
2.73025e-07
1.54243e-07
2.25652e-07
5.7072e-08
3.38404e-07
3.52106e-07
3.09359e-07
1.89998e-07
2.47857e-08
7.48822e-08
2.20975e-07
-1.75494e-08
1.57202e-07
1.22262e-07
8.77012e-08
2.14564e-07
1.71785e-07
-2.63848e-09
8.79395e-08
3.11422e-07
2.77602e-07
8.85412e-08
4.61349e-08
2.69387e-07
1.38498e-07
2.85322e-07
2.71232e-07
7.942e-08
1.8002e-07
3.17452e-07
3.57393e-07
1.17696e-07
7.71674e-08
1.55473e-07
2.12112e-07
2.32107e-07
1.11738e-07
1.22809e-07
2.06661e-07
2.54597e-07
1.29621e-07
4.6481e-07
1.9615e-07
1.72173e-07
2.0773e-07
3.68947e-07
1.17773e-07
3.55157e-07
3.43864e-07
3.24809e-07
3.06352e-07
1.67078e-07
4.86473e-08
2.73942e-07
2.61805e-07
1.04442e-07
1.76872e-07
2.0041e-07
1.22902e-07
1.60782e-07
1.69675e-07
2.11904e-07
1.43581e-07
3.47049e-07
2.06582e-07
2.6077e-07
1.72874e-07
9.67166e-08
1.4252e-07
2.06659e-07
2.37109e-07
2.32993e-07
1.23131e-07
2.01132e-07
1.24141e-07
2.28476e-07
1.66433e-07
1.28316e-07
2.62562e-07
2.46006e-07
5.68118e-09
1.5333e-07
2.92455e-07
1.90819e-07
-5.81503e-08
3.70637e-07
1.68262e-07
2.35381e-07
1.00268e-07
2.2355e-07
2.02195e-07
3.35009e-07
1.49459e-07
9.46342e-08
1.05032e-07
9.63904e-08
2.25074e-07
6.10319e-08
8.08155e-08
2.54011e-07
7.69769e-08
2.0303e-07
2.04837e-07
2.87557e-07
2.54397e-07
2.50678e-07
2.76725e-07
9.50924e-08
3.07256e-07
3.08654e-07
2.19311e-07
1.9553e-07
1.62517e-07
1.36147e-07
3.06405e-07
1.2947e-07
2.51762e-07
1.90976e-07
1.99403e-07
3.53906e-08
2.33848e-07
9.01836e-08
8.83062e-08
1.88367e-07
3.19333e-07
2.31646e-07
2.55664e-07
2.69013e-07
1.78191e-07
1.29454e-07
1.64011e-07
2.03181e-08
1.93314e-07
2.74533e-07
3.47767e-07
2.26668e-07
2.20189e-07
2.79471e-07
2.13994e-07
1.55531e-07
2.30535e-07
1.13097e-07
2.23427e-07
2.41833e-07
2.37734e-07
2.03409e-07
2.49327e-07
2.08786e-07
3.06804e-07
9.83187e-08
7.74724e-08
2.41959e-07
1.8616e-07
2.94271e-07
2.89833e-07
2.22768e-07
1.54148e-07
1.24046e-07
2.34144e-07
2.27501e-07
1.50332e-07
2.82178e-07
2.26194e-07
2.43547e-07
1.8843e-07
3.86981e-07
1.05981e-07
2.23023e-07
2.14157e-07
3.62918e-07
3.76386e-07
1.26918e-07
1.91891e-07
2.13215e-07
1.75924e-07
2.10936e-07
2.9952e-07
1.37319e-07
2.37783e-07
3.09815e-07
1.79411e-08
7.42535e-08
1.32583e-07
2.88051e-07
2.0405e-07
7.71824e-08
3.73487e-07
1.8471e-08
3.63888e-07
2.18073e-07
2.3007e-07
8.2253e-08
2.63509e-07
1.1145e-07
3.07508e-07
2.02772e-07
9.55995e-08
1.73716e-07
3.41417e-07
2.22448e-07
3.07952e-07
1.64626e-07
2.48833e-07
2.56282e-07
1.20043e-07
2.16665e-07
9.22187e-08
6.37721e-08
2.53953e-07
2.51418e-07
9.86237e-08
2.08173e-07
2.74156e-07
2.47369e-07
1.58871e-07
1.80458e-07
1.70398e-07
2.3484e-07
1.88018e-07
1.98257e-07
2.74725e-07
1.90672e-07
7.32259e-08
2.21461e-07
9.92316e-08
3.26119e-07
1.18612e-07
3.00134e-07
2.29375e-07
7.08654e-08
2.94046e-07
7.68921e-08
1.43365e-07
1.84624e-07
1.581e-07
2.09169e-07
1.96548e-07
2.56859e-07
3.12126e-07
2.61718e-07
1.17613e-07
2.59099e-07
2.69434e-07
3.10217e-07
2.1513e-07
2.27273e-07
1.0994e-08
1.43041e-07
2.16765e-07
8.83788e-08
2.22386e-07
1.80026e-07
1.81825e-08
1.39495e-07
3.08707e-07
6.9264e-08
2.93383e-07
1.6833e-07
1.60235e-07
1.84457e-07
3.20979e-07
2.35103e-07
3.4108e-07
1.54539e-07
8.71568e-08
2.80326e-07
3.25996e-07
2.0851e-07
2.85197e-07
2.95188e-07
6.47243e-08
3.07187e-07
2.73452e-07
1.99418e-07
4.06153e-07
2.82018e-07
1.18675e-07
2.66669e-07
1.33998e-07
2.18272e-07
1.84441e-07
1.09717e-07
2.34055e-07
2.58378e-07
1.93798e-07
2.09366e-07
3.45039e-07
7.60132e-08
9.35313e-08
2.338e-07
5.94194e-08
1.47257e-07
1.99709e-07
1.38138e-07
2.08263e-07
2.77504e-07
1.1659e-07
2.25726e-07
1.75282e-07
2.55323e-07
9.25864e-08
3.50217e-07
2.45476e-07
1.96122e-07
2.35351e-07
2.27805e-07
2.19103e-07
6.49189e-08
1.06343e-07
3.11684e-07
2.68144e-07
2.32943e-07
1.84475e-07
1.08597e-07
1.93184e-07
2.47179e-07
3.373e-07
7.12081e-08
1.16944e-07
1.09882e-07
2.06417e-07
3.42505e-07
2.64144e-07
3.70578e-07
1.38346e-07
1.42922e-07
4.38257e-08
2.13356e-07
2.61834e-07
1.3437e-07
1.46783e-07
2.28626e-07
4.36215e-08
2.21332e-07
8.96683e-08
1.53743e-07
2.26989e-07
2.80666e-07
1.59273e-07
1.68849e-07
2.70222e-07
2.13573e-07
9.01605e-08
3.82062e-07
2.78591e-07
1.57372e-07
1.70053e-07
1.88096e-07
1.47876e-07
2.39724e-07
1.52941e-07
2.13224e-07
1.81951e-07
3.37339e-07
3.80864e-08
1.03532e-07
2.2943e-07
3.26994e-07
3.03382e-07
1.10084e-07
2.12976e-07
2.30011e-07
1.53356e-07
2.43602e-07
1.05976e-07
1.45728e-08
3.76223e-07
3.11829e-08
1.51187e-07
5.55506e-08
3.2479e-07
1.98674e-07
3.27908e-07
1.37526e-07
1.33696e-07
3.08365e-07
3.27148e-07
-6.40117e-09
1.25686e-07
1.56427e-07
1.57046e-07
3.03132e-07
4.34566e-08
2.79695e-07
1.53658e-07
1.94901e-07
2.09119e-07
2.69715e-07
2.88763e-07
1.91846e-07
2.101e-07
1.93447e-07
3.69396e-07
1.96681e-07
1.58108e-07
6.69641e-08
9.92365e-08
1.22757e-07
1.80683e-07
2.8881e-07
2.74383e-07
2.37001e-07
5.70288e-08
1.45512e-07
2.40193e-07
2.28209e-07
-6.94623e-08
9.97437e-08
1.04003e-07
2.65564e-07
1.8414e-07
9.71229e-08
1.37281e-07
2.29154e-07
2.34442e-07
9.86068e-08
1.95681e-08
1.05123e-07
-1.8745e-08
2.18855e-07
1.14354e-07
9.73198e-08
6.34076e-08
2.11515e-07
1.7671e-07
1.36778e-07
2.89678e-07
2.60505e-07
4.09218e-08
2.11527e-07
2.25686e-07
3.02845e-07
3.31589e-07
3.41048e-07
2.92443e-07
9.63417e-08
1.3573e-07
2.17726e-07
3.03136e-07
2.00358e-08
3.38775e-07
1.9621e-08
1.23101e-07
1.77509e-07
2.39434e-07
2.18258e-07
2.3316e-07
2.79032e-07
1.66776e-07
1.01738e-08
2.4761e-07
2.48429e-07
9.6027e-08
9.71297e-08
1.01513e-07
1.61597e-07
2.13674e-07
7.74954e-08
1.69598e-07
1.22198e-07
1.173e-07
2.7632e-07
1.34656e-07
-3.96102e-09
3.41285e-08
1.02808e-07
1.03136e-07
2.51714e-07
2.09928e-07
1.62774e-07
1.44081e-07
1.26318e-07
2.48637e-07
2.2103e-07
2.37443e-07
4.02389e-07
6.16102e-08
1.21133e-07
2.59032e-07
1.4552e-07
1.33141e-07
2.38906e-07
2.6015e-07
1.01327e-07
1.03269e-07
1.08088e-07
2.46752e-07
3.7763e-07
2.9976e-08
2.67047e-07
1.64505e-07
1.769e-07
4.29514e-08
2.63312e-07
2.96924e-07
3.09916e-07
2.34427e-07
1.85396e-07
1.23378e-07
5.65762e-08
2.72809e-07
2.73958e-07
1.99717e-07
1.90456e-07
1.38566e-07
1.72352e-07
2.61734e-07
2.18868e-07
1.42641e-07
2.90089e-07
2.07016e-07
2.68375e-07
2.35324e-07
2.17434e-07
4.07193e-07
2.00936e-07
2.26497e-07
2.17226e-07
1.07738e-07
8.57702e-08
2.16355e-07
1.11586e-07
4.68239e-08
1.86625e-07
3.01159e-07
2.41491e-07
1.67167e-07
8.30272e-08
3.13798e-07
1.58671e-07
3.48986e-07
2.4621e-07
2.95265e-07
1.24474e-07
2.80546e-07
2.56478e-07
3.58769e-08
2.82823e-07
8.71246e-08
2.08192e-07
1.33293e-07
2.09806e-07
2.62127e-07
1.56331e-07
3.43491e-08
2.07009e-07
2.14343e-07
1.7603e-07
2.4494e-07
1.24611e-07
2.59252e-07
1.70631e-07
-3.62692e-08
1.46944e-07
2.29121e-07
1.71245e-07
1.56818e-07
2.7745e-07
1.05914e-07
1.63151e-07
2.00797e-07
6.54507e-08
1.26595e-07
2.99607e-07
2.07714e-07
2.71133e-07
1.88534e-07
1.40897e-07
1.67317e-07
9.18728e-08
1.29761e-07
2.04303e-07
1.90702e-07
2.54175e-07
2.2019e-07
2.82542e-07
2.52975e-07
2.72882e-07
1.69273e-07
1.16729e-07
2.14513e-07
2.61619e-07
1.88553e-08
1.77456e-07
2.16985e-07
2.85439e-07
2.40799e-07
3.59961e-07
2.01403e-07
1.2035e-07
1.37279e-07
1.88095e-07
2.65455e-07
1.88137e-07
1.1181e-07
1.01339e-07
1.55919e-07
2.01617e-07
2.28612e-07
2.37791e-07
2.16615e-07
2.37661e-07
6.16446e-08
2.99187e-07
7.41868e-08
1.46256e-07
1.2094e-07
1.99115e-07
2.1194e-07
1.76144e-07
2.47656e-07
2.66411e-07
1.66308e-07
9.4565e-08
1.31043e-07
3.3895e-07
1.02937e-08
6.7252e-08
1.7222e-07
2.15988e-07
2.48198e-07
3.86112e-07
1.87781e-07
1.73725e-07
3.18777e-07
1.14108e-07
2.76204e-07
1.15559e-07
2.64292e-07
1.97261e-07
8.07349e-08
1.57654e-07
2.8954e-07
8.07562e-08
1.70083e-07
1.14814e-07
2.51478e-07
3.07809e-07
1.2629e-07
3.02966e-07
1.89718e-07
2.2058e-07
2.61298e-07
4.57523e-08
3.38915e-07
1.54755e-07
2.2693e-07
2.71754e-07
1.18141e-07
2.7846e-07
2.1566e-07
3.76807e-07
1.93413e-07
2.69544e-07
2.99294e-07
6.34949e-08
2.44161e-07
3.02048e-07
2.33765e-07
3.44969e-07
2.32491e-07
1.31272e-07
2.44016e-07
3.00359e-07
4.43427e-08
3.56025e-08
2.70152e-07
1.56697e-07
1.09094e-07
1.07387e-07
2.49583e-07
1.93362e-07
2.34535e-07
2.56285e-07
1.6081e-07
2.34672e-07
2.38671e-07
1.12282e-07
1.30231e-07
2.07977e-07
1.48035e-07
2.17089e-07
2.6186e-07
1.22465e-07
3.24102e-07
2.52393e-07
1.95191e-07
1.69858e-07
4.70853e-08
1.91516e-07
2.47169e-07
2.05784e-07
3.34103e-07
2.15045e-07
1.52723e-07
2.71938e-08
3.13511e-07
1.79571e-07
2.85374e-07
2.70633e-07
1.90506e-07
2.74898e-07
2.55359e-07
2.75791e-08
9.4054e-08
1.78641e-07
2.14083e-07
2.42118e-07
2.04934e-07
1.16199e-07
8.34099e-08
1.42737e-07
2.09104e-07
2.4505e-07
2.89326e-07
2.28998e-07
1.39417e-07
3.2051e-07
1.27122e-07
1.85705e-07
3.84451e-08
2.16878e-07
7.97294e-08
1.3485e-07
2.93151e-07
4.16458e-08
2.8977e-07
2.25394e-07
8.81414e-08
1.69927e-07
1.13589e-07
1.65455e-07
3.11379e-07
2.10378e-07
3.52684e-07
3.00948e-07
2.57053e-07
1.37348e-07
2.82012e-07
2.42873e-07
1.15332e-07
3.91067e-07
2.46548e-07
1.62234e-07
1.54463e-07
6.24874e-08
1.88594e-07
1.91098e-07
3.28968e-07
2.2119e-07
2.01328e-07
4.62549e-07
2.76125e-07
3.94449e-08
1.92488e-07
2.03297e-07
2.63656e-07
6.42558e-08
2.14748e-07
1.86433e-07
1.4327e-07
1.48628e-07
9.61984e-08
2.20975e-07
2.73949e-07
1.38512e-07
1.49476e-07
2.48443e-07
3.2837e-07
2.41146e-07
9.71965e-08
2.68521e-07
3.00595e-07
2.47254e-07
1.76223e-07
8.89765e-08
2.67659e-07
1.47282e-07
1.22885e-07
2.59722e-07
2.01275e-07
9.7883e-08
2.60427e-07
1.81688e-07
2.27246e-07
2.62392e-07
2.98319e-07
2.02559e-07
1.48174e-07
1.32301e-07
1.17465e-07
3.1244e-07
1.75243e-07
1.8426e-07
1.29242e-07
7.00516e-08
1.64217e-07
-1.01275e-09
1.28653e-07
1.68907e-07
1.63056e-07
1.87789e-07
9.21065e-08
1.10574e-07
1.87359e-07
1.52271e-07
1.12635e-07
1.41353e-07
2.08753e-07
1.29721e-07
1.63994e-07
8.93356e-08
1.31331e-07
1.18665e-07
6.06837e-08
2.45296e-07
1.89859e-07
2.47263e-07
1.76218e-07
2.38555e-07
1.65325e-07
9.59613e-08
5.85093e-08
1.46829e-07
2.14055e-07
2.11024e-07
2.45585e-07
2.07565e-07
8.00195e-08
1.19759e-07
2.19753e-07
4.10947e-08
1.26581e-07
1.37987e-07
1.67882e-07
1.61649e-07
2.91497e-07
2.22506e-07
2.7296e-07
2.28207e-07
1.0134e-07
2.99454e-07
1.1741e-07
9.00089e-08
1.82494e-08
1.46562e-07
1.1277e-07
2.94871e-07
2.7877e-07
2.58269e-07
-1.88713e-08
2.21712e-07
2.67671e-08
2.30058e-07
9.5867e-08
2.07292e-07
3.61363e-07
2.24468e-07
1.77331e-07
1.92519e-07
1.89602e-07
1.91959e-07
1.37628e-07
1.89776e-07
2.29823e-07
2.03454e-07
1.55569e-07
4.60343e-07
1.39549e-07
2.84828e-07
3.29486e-07
2.22552e-07
6.21471e-08
2.51071e-07
1.53869e-07
2.52478e-07
1.85644e-07
1.63337e-07
2.62455e-07
1.68488e-07
2.88783e-07
3.1835e-07
1.67483e-07
3.03118e-07
2.19242e-07
2.10497e-07
1.28261e-07
1.77833e-07
2.36482e-07
4.0092e-07
2.00955e-07
3.13187e-07
3.7377e-07
1.94024e-07
1.27894e-07
2.93512e-07
4.98941e-08
2.76543e-07
1.07561e-07
2.19606e-07
2.51769e-07
1.33172e-07
9.83715e-08
2.68009e-07
1.79499e-07
3.53805e-07
1.26353e-07
2.57719e-07
1.62437e-07
2.80049e-07
9.33226e-08
2.30634e-07
2.9183e-07
3.32958e-07
7.68554e-08
2.40617e-07
1.93435e-07
9.73099e-09
1.90026e-07
1.74287e-07
2.14976e-07
2.35356e-07
1.72156e-07
-8.45099e-09
2.10254e-07
2.34331e-07
2.85013e-07
2.33112e-07
2.2516e-07
1.22687e-07
1.18437e-07
3.80329e-07
1.79481e-07
2.90604e-07
3.40548e-07
1.42544e-07
1.20261e-07
3.68099e-07
2.74905e-07
1.1971e-07
2.07202e-07
2.30286e-07
6.86638e-08
1.10414e-07
2.58275e-07
3.09034e-07
1.65834e-07
1.43712e-07
2.32772e-07
6.30076e-08
6.73355e-08
2.83398e-07
9.5722e-08
3.13365e-07
-5.14019e-08
3.32364e-07
2.66854e-07
2.46658e-07
1.25518e-07
4.79225e-08
3.6739e-07
2.14759e-07
1.22808e-07
2.72973e-07
8.08975e-08
2.66561e-07
1.85437e-07
2.91636e-07
2.39746e-07
2.93865e-07
1.55519e-07
2.57802e-07
1.64161e-07
1.2966e-07
1.85644e-07
1.63368e-07
1.50883e-07
2.67002e-07
1.10858e-07
2.28367e-07
2.48962e-07
1.38564e-07
3.50311e-07
7.30354e-08
2.70539e-07
1.83246e-07
1.8057e-07
2.31097e-07
1.74135e-07
1.46301e-07
1.31344e-07
2.3953e-07
2.09094e-07
2.12373e-07
7.17207e-08
7.67916e-08
2.59986e-07
8.62815e-09
2.28792e-07
2.87023e-07
1.96567e-07
8.42296e-08
3.64133e-07
2.94272e-07
1.99526e-07
2.45946e-07
2.24713e-07
1.44385e-07
2.47507e-07
2.27572e-07
2.68721e-07
1.0851e-07
2.0649e-07
2.01883e-07
1.62312e-07
1.71594e-07
2.2798e-07
1.881e-07
5.42674e-09
1.93582e-07
2.13424e-07
1.36019e-07
1.91308e-07
1.76667e-07
1.5625e-07
2.33068e-07
1.43685e-07
2.164e-07
2.27e-07
1.79217e-07
4.41024e-07
1.99255e-07
2.06879e-07
2.10903e-07
2.84884e-07
7.03909e-08
1.41406e-07
1.3837e-07
1.34635e-07
1.88429e-07
1.18996e-07
1.86771e-07
2.52516e-07
3.01561e-07
3.47798e-07
1.78588e-07
1.41393e-07
1.02138e-07
1.43876e-07
2.038e-07
1.57417e-07
2.77348e-07
2.9582e-07
1.4784e-07
7.10678e-08
1.48486e-07
2.6185e-07
3.21262e-07
8.95232e-08
7.43961e-08
2.91918e-07
1.36097e-07
3.23071e-07
2.79235e-07
1.75349e-07
1.81362e-07
3.26883e-08
1.71163e-07
5.50421e-08
1.58414e-07
2.73187e-07
2.11083e-07
1.88457e-07
1.70283e-07
1.99192e-07
3.58425e-07
2.47477e-07
2.97762e-07
1.17895e-07
3.36516e-08
2.13606e-07
3.92694e-07
2.47219e-07
2.164e-07
2.44559e-07
1.10852e-07
4.92406e-08
1.77234e-07
3.3507e-07
1.75851e-07
1.76641e-07
1.85169e-07
1.7106e-07
7.7099e-08
2.88009e-07
1.952e-07
7.80841e-08
3.05275e-07
1.15281e-07
1.71754e-07
1.78876e-07
1.5649e-07
2.50187e-07
1.49872e-07
9.45023e-08
1.9914e-07
1.09398e-07
1.695e-07
1.37822e-07
2.59823e-07
2.46249e-07
2.1046e-07
1.63173e-07
1.74896e-07
2.12512e-07
2.13196e-07
1.14241e-07
2.13084e-07
8.34788e-08
1.80947e-07
2.95227e-07
2.28857e-07
1.75909e-07
4.44164e-07
1.59749e-07
1.8457e-07
4.08607e-08
1.52616e-07
2.1671e-07
6.40938e-08
3.66863e-07
5.11717e-08
8.89046e-08
1.79038e-07
3.13382e-07
3.13335e-07
7.75526e-08
1.18135e-07
2.42134e-07
1.67924e-07
2.48858e-07
2.33807e-07
1.93713e-07
3.25722e-07
1.88548e-07
1.05044e-07
9.97427e-08
1.28838e-07
6.90295e-08
3.30436e-07
2.9035e-07
1.3776e-07
1.86165e-07
2.19306e-07
2.53644e-07
1.68478e-07
8.80303e-08
2.20818e-07
1.83041e-07
5.32343e-08
1.29705e-07
2.38062e-07
3.51816e-07
2.86501e-07
1.43819e-07
1.50442e-07
1.01817e-07
-1.77429e-09
1.63579e-07
1.7502e-07
1.83889e-07
2.55724e-07
1.55861e-07
1.38795e-07
1.29402e-07
1.23584e-07
2.03831e-07
3.19721e-07
2.86266e-07
2.28184e-07
2.49753e-07
2.28728e-07
2.96843e-08
1.5229e-07
2.37545e-07
2.83851e-07
1.86498e-07
5.84833e-08
2.1759e-07
1.28061e-07
7.91389e-08
2.73699e-07
2.64076e-07
1.95411e-07
1.61627e-07
1.17847e-07
2.74651e-07
2.57225e-07
1.83375e-07
1.63364e-07
1.9184e-07
8.93794e-08
4.06068e-07
3.30665e-07
2.03186e-07
1.57575e-07
-3.1833e-08
2.5342e-07
1.96071e-07
3.18506e-07
3.09699e-07
3.07133e-07
2.8564e-07
1.54086e-07
3.17583e-07
2.72793e-07
2.27346e-07
1.34527e-07
2.44241e-07
1.95076e-07
2.46553e-07
3.66402e-07
2.86698e-07
2.11705e-07
1.67722e-07
2.65125e-07
1.15117e-07
2.35402e-07
3.22016e-07
3.00149e-07
1.32392e-07
1.59126e-07
4.03676e-08
2.39834e-07
2.68247e-07
2.41815e-07
-1.45811e-08
2.61439e-07
1.97759e-07
3.16217e-07
2.93644e-07
2.7633e-07
2.15838e-07
1.29075e-07
2.26818e-07
7.02664e-09
3.18203e-07
3.13467e-07
2.53965e-07
1.72113e-07
-4.17641e-09
2.36762e-07
1.8448e-07
1.79478e-07
2.02833e-07
7.49899e-08
1.82949e-07
2.39647e-07
2.14569e-07
2.77038e-07
2.40332e-07
1.21455e-07
1.98562e-07
9.01049e-08
3.83339e-07
1.43258e-07
1.35852e-07
1.66881e-07
1.63054e-07
2.0444e-07
1.95327e-07
3.10097e-07
1.52612e-09
1.49286e-07
1.00499e-07
2.30695e-07
1.58289e-07
2.91024e-07
1.49049e-07
3.29332e-07
1.36621e-07
1.71946e-08
2.72333e-07
1.58825e-07
2.21127e-07
2.22894e-07
2.07126e-07
2.42117e-07
1.76636e-07
1.78629e-07
1.73927e-07
2.59321e-07
3.65451e-07
1.49301e-07
1.45219e-07
3.2301e-07
5.57102e-08
2.14396e-07
1.27045e-07
1.76497e-07
2.57351e-07
9.653e-08
2.46554e-07
1.57347e-07
4.07746e-07
1.23079e-07
3.14841e-07
1.25716e-07
1.49214e-07
1.93282e-07
2.04903e-07
2.70034e-08
3.27263e-07
2.55422e-07
2.33602e-07
1.38378e-07
2.4467e-07
2.04617e-07
2.6001e-07
2.84057e-07
4.34655e-08
2.46309e-07
3.3844e-07
2.10881e-07
1.37187e-07
1.14904e-07
1.7705e-07
2.38295e-07
1.23427e-07
3.5561e-07
-3.33973e-08
1.18319e-07
2.04603e-07
2.56188e-07
1.03389e-07
3.71641e-07
2.7485e-07
2.04692e-07
1.59473e-07
1.78443e-07
2.72843e-07
1.0437e-07
1.57915e-07
2.25566e-07
1.7855e-07
2.99626e-07
2.00607e-07
7.5016e-08
2.61788e-07
2.57522e-07
3.87362e-08
2.12405e-07
6.86405e-08
2.15048e-07
1.77186e-07
1.53529e-07
2.1154e-07
3.04942e-07
2.34928e-07
3.2406e-07
2.21395e-07
1.66115e-07
1.91076e-07
8.07333e-08
1.59488e-07
2.05133e-07
3.50063e-07
3.62063e-07
1.57848e-07
2.4048e-07
8.66607e-08
3.36034e-07
7.67254e-08
1.62379e-07
9.23283e-08
1.81176e-07
1.12301e-07
3.2355e-07
1.57673e-07
1.13276e-07
1.66986e-07
8.94889e-08
8.55092e-08
2.66996e-07
2.07937e-07
2.46106e-07
2.6911e-07
1.34385e-07
2.58625e-07
3.53501e-07
1.56091e-07
2.09998e-07
2.44975e-07
2.37923e-07
2.31615e-07
9.62481e-08
1.86001e-07
1.71506e-07
1.86796e-07
2.46689e-07
1.46196e-07
2.15247e-07
2.42064e-07
8.18939e-08
1.42506e-07
2.57654e-07
2.66015e-07
2.82041e-07
2.18109e-07
2.90771e-07
1.55812e-07
2.75013e-07
1.6201e-07
3.42626e-07
1.04305e-07
2.50701e-07
2.18878e-07
4.49111e-08
2.43003e-07
1.95323e-07
5.20327e-08
1.45051e-07
2.36061e-07
2.27756e-07
3.21838e-07
7.77846e-08
2.7799e-07
3.17351e-07
2.62623e-07
1.12085e-07
1.85776e-07
2.45662e-07
1.46279e-07
2.03739e-07
1.48739e-07
1.05896e-07
3.51736e-08
2.95411e-07
1.04227e-07
1.01402e-07
1.98653e-07
6.07325e-08
7.4597e-08
2.29163e-07
4.24514e-07
1.29409e-07
2.04613e-07
4.23556e-08
3.93035e-07
1.26579e-07
1.14722e-07
2.98806e-07
1.48242e-07
2.98459e-07
1.53186e-07
2.79594e-07
3.6518e-07
1.50201e-07
-1.14239e-08
2.69929e-07
2.16966e-07
1.78555e-07
2.70342e-07
7.88713e-08
1.58234e-07
2.98206e-07
2.68287e-07
4.22257e-07
1.15011e-07
3.34011e-07
2.67271e-07
3.55032e-07
1.59743e-07
1.51326e-07
1.98213e-07
1.48716e-07
8.16263e-08
7.78243e-08
8.29184e-08
2.12313e-07
1.84623e-07
1.21074e-07
9.7723e-08
2.78529e-07
1.00304e-07
1.26884e-07
2.56664e-07
2.48687e-07
1.50473e-07
2.74298e-07
4.37931e-07
6.01517e-08
-3.90763e-08
1.41468e-07
1.57636e-07
1.02131e-07
1.42769e-07
1.66849e-07
1.38525e-07
1.32199e-07
3.30636e-07
8.57449e-11
1.50768e-07
3.15223e-07
1.90657e-07
2.50492e-07
3.44423e-07
2.21495e-08
1.46849e-07
1.07001e-07
2.21641e-07
1.1935e-07
1.59858e-07
1.39212e-07
1.56718e-07
2.33654e-07
2.00274e-07
1.49515e-07
1.51003e-07
3.12497e-07
2.77713e-07
9.19213e-08
1.76169e-07
1.55647e-07
1.18346e-07
2.05761e-07
2.66931e-07
1.72515e-07
1.48869e-07
1.90949e-07
2.33415e-07
1.72245e-07
5.92965e-08
-1.00141e-07
1.97016e-07
3.4213e-07
1.11215e-07
6.40426e-08
2.83116e-07
2.41634e-07
1.6649e-07
1.64001e-07
2.193e-07
-2.72808e-09
1.50447e-07
2.33581e-07
2.17429e-07
4.33743e-08
3.03084e-07
2.32423e-07
1.2537e-07
2.88227e-07
2.73504e-07
7.00388e-08
2.13371e-07
1.22511e-07
2.7055e-07
1.2516e-08
2.40823e-07
1.02821e-07
-7.11506e-08
3.23818e-07
2.01777e-07
1.40133e-07
5.70752e-08
2.48059e-07
2.61757e-07
3.9039e-08
2.46556e-07
2.00578e-07
1.95147e-07
1.91796e-07
-1.34325e-08
1.7241e-07
1.33345e-07
7.45772e-08
1.88423e-07
1.64044e-07
1.08212e-07
1.5805e-07
1.94392e-07
7.63548e-08
3.56592e-07
8.16206e-08
1.32363e-07
2.46259e-07
2.91518e-07
1.42576e-07
2.85797e-07
2.24363e-07
2.23164e-07
2.2637e-07
2.16371e-07
3.10327e-07
3.0798e-07
1.8795e-07
1.87858e-07
3.30541e-07
3.05662e-07
1.31411e-07
9.65742e-08
1.35588e-07
2.35262e-07
3.14978e-07
3.68754e-07
8.47532e-08
1.95379e-07
2.36314e-07
2.48325e-07
2.34822e-07
3.15683e-07
2.08332e-07
5.01373e-08
1.40186e-07
1.8569e-07
3.97637e-07
2.66054e-07
1.30868e-07
1.33492e-07
1.29983e-07
-5.77741e-09
1.94195e-07
2.30765e-07
7.01059e-08
1.48656e-07
4.56048e-07
8.6541e-08
1.64566e-07
2.49085e-07
1.22452e-07
1.90105e-07
5.85396e-08
3.05367e-07
1.7769e-07
2.17337e-07
1.02182e-07
6.93694e-08
1.50485e-07
2.80657e-07
1.57965e-07
2.77589e-07
2.73156e-07
2.19808e-07
2.09722e-07
2.85857e-07
2.23411e-07
6.00134e-08
3.85084e-07
5.03379e-08
2.381e-07
2.99869e-07
2.00307e-07
2.81651e-08
2.3734e-07
4.87115e-08
2.30391e-07
1.43684e-07
1.76437e-07
1.73075e-07
2.36678e-07
3.72492e-08
2.11931e-07
1.70735e-07
2.02665e-07
2.32233e-07
3.26156e-07
8.48851e-08
3.90013e-07
6.93799e-08
2.11771e-07
8.43733e-08
2.37756e-07
1.43791e-07
2.29025e-07
9.84572e-08
2.43069e-07
1.00072e-07
6.37247e-08
4.13751e-08
2.57184e-07
2.3479e-07
1.00923e-07
1.96309e-07
1.98301e-07
1.86901e-07
1.33036e-07
2.35175e-07
2.47356e-07
2.55458e-07
1.96675e-07
1.67609e-07
1.36416e-07
3.52551e-07
1.78719e-07
2.18875e-07
3.33641e-08
3.22788e-07
4.07525e-07
2.18972e-07
2.23723e-07
1.79006e-07
2.13995e-07
2.35848e-07
1.70519e-07
2.99584e-07
1.88584e-07
3.77831e-07
1.77634e-07
1.75594e-07
3.83227e-08
1.84607e-07
2.1225e-07
2.07827e-07
1.79798e-07
1.98107e-07
2.73362e-07
1.9993e-07
1.24667e-07
7.40831e-08
1.86212e-07
1.95488e-07
2.14895e-07
1.94323e-07
7.65643e-08
1.12167e-07
2.40147e-07
3.09435e-07
2.68005e-07
1.74793e-07
2.42192e-07
1.69378e-07
1.62282e-07
2.86182e-08
3.28755e-07
3.13842e-07
2.00474e-07
4.60804e-08
2.4729e-07
2.64214e-07
1.62572e-07
2.08554e-07
2.08534e-07
1.79888e-07
2.71717e-07
1.53266e-07
2.59131e-07
3.90704e-07
3.51399e-07
3.74293e-07
2.68328e-07
9.40206e-08
2.01026e-07
3.54918e-07
2.67911e-07
1.21153e-07
2.81804e-07
2.20011e-07
1.33651e-07
3.05022e-07
8.4592e-08
2.51709e-07
3.83782e-07
4.21512e-07
2.16699e-07
2.73866e-08
1.93474e-07
1.23268e-07
3.83557e-07
1.68129e-07
1.96358e-07
2.14826e-07
2.73838e-08
3.62843e-07
2.42875e-07
2.16094e-07
1.00964e-07
1.42411e-07
1.16213e-07
1.70562e-07
3.49603e-08
4.04317e-07
1.75084e-07
1.2214e-07
2.11783e-07
2.55099e-07
2.26525e-07
2.39147e-07
2.93937e-07
9.64441e-08
1.68956e-07
1.73284e-07
6.57745e-08
1.09304e-07
2.57405e-07
3.69046e-07
1.75119e-07
2.29544e-07
2.71e-07
8.34833e-08
2.0771e-07
1.91922e-07
3.05799e-07
2.19323e-07
1.57809e-07
4.01698e-08
1.56139e-07
2.29349e-07
3.50495e-07
3.01863e-07
1.69811e-07
1.32567e-07
1.63064e-07
5.27433e-08
7.59878e-08
2.85611e-07
1.78671e-07
1.23211e-07
1.64076e-07
2.02747e-07
1.87373e-07
2.57701e-07
2.32845e-07
3.19602e-07
8.30993e-08
3.40459e-07
3.48645e-07
2.2425e-07
9.65414e-08
3.03155e-07
2.31757e-07
2.5781e-07
1.68366e-07
2.11762e-07
1.53262e-07
2.51375e-07
2.04021e-07
2.6284e-07
2.07039e-07
8.18032e-08
8.30316e-08
2.16685e-07
3.1577e-07
3.14042e-07
2.36437e-07
2.48669e-07
1.78853e-07
7.982e-08
2.75591e-07
2.14371e-07
2.47629e-07
2.02902e-07
1.98868e-07
8.51319e-08
1.66563e-07
1.23918e-07
2.45892e-07
1.26492e-07
2.19894e-07
9.69874e-08
3.44706e-07
1.82897e-07
1.82451e-07
4.68278e-07
2.00487e-07
2.57976e-08
1.9913e-07
1.5297e-07
1.69479e-07
1.05895e-07
1.70519e-07
3.10539e-07
2.87264e-07
1.44766e-07
4.0393e-07
2.86156e-07
1.04965e-07
3.54768e-07
8.09661e-08
2.80454e-07
3.06138e-07
1.13127e-07
1.30346e-07
2.47323e-07
2.339e-07
2.41841e-07
9.82734e-08
3.76989e-07
8.72959e-08
2.49327e-07
1.49464e-07
1.04411e-07
1.71192e-07
2.31142e-07
2.94816e-07
1.1198e-07
2.76168e-07
1.73817e-07
3.12801e-07
2.24932e-07
2.11253e-07
-4.71366e-08
3.27936e-07
7.69992e-09
2.2477e-07
1.92699e-07
5.84784e-08
2.17244e-07
2.05617e-07
2.64435e-07
1.43961e-07
5.58692e-08
3.57351e-07
2.15653e-07
2.1626e-07
9.29035e-08
2.02352e-07
1.67987e-07
1.55822e-07
1.59096e-07
1.47536e-07
1.95326e-07
1.33107e-07
2.16228e-07
2.28608e-07
2.08215e-07
7.25306e-08
1.84054e-07
1.27714e-07
2.09482e-07
1.42066e-07
3.07919e-08
9.03846e-08
2.59561e-07
1.08687e-07
3.07906e-07
2.40314e-07
2.63099e-07
3.251e-07
1.7838e-07
2.05477e-07
7.86741e-08
9.85816e-08
2.24183e-07
2.17463e-07
2.2042e-07
3.5567e-07
2.1859e-07
2.06533e-07
1.59532e-07
2.30569e-07
6.01841e-08
1.0567e-07
2.60128e-07
2.73821e-07
2.92663e-07
3.09039e-07
2.33398e-07
1.75027e-08
2.08572e-07
1.97816e-07
2.55786e-07
2.41152e-07
2.48591e-07
1.04218e-07
2.66873e-07
1.35408e-07
1.1026e-07
2.52742e-07
2.06794e-07
1.10568e-07
7.49901e-08
3.0927e-07
9.01896e-08
1.83523e-07
1.30708e-07
7.79148e-08
2.01581e-07
2.17527e-07
2.29054e-07
2.17663e-07
2.97543e-07
3.43772e-07
1.75886e-07
2.54953e-07
2.36073e-07
2.42368e-07
1.46523e-07
2.8566e-07
3.32235e-07
-1.14845e-08
2.02344e-07
2.99244e-07
3.60344e-07
1.60782e-07
2.9358e-07
2.27376e-07
1.52218e-07
2.06106e-07
3.33216e-07
2.34903e-07
1.32385e-07
1.30859e-07
1.88012e-07
2.63865e-07
7.93557e-08
2.81659e-07
2.0198e-07
1.51467e-07
2.28146e-07
1.48224e-07
1.75015e-07
6.18707e-08
1.53281e-07
2.55483e-07
2.41145e-07
2.33207e-07
3.05855e-07
1.43477e-07
9.2278e-08
1.86961e-07
3.41651e-07
1.88214e-07
4.20663e-07
2.83791e-07
3.09872e-07
2.1369e-07
2.4265e-07
2.21083e-07
2.58594e-07
3.54665e-07
5.06179e-08
3.31373e-07
1.9368e-07
2.55215e-07
2.49752e-07
1.60865e-07
2.57566e-07
1.43396e-07
2.84854e-07
2.73365e-07
1.93958e-07
2.09617e-07
1.19927e-07
-7.01005e-09
2.94466e-07
1.80711e-07
1.79036e-07
2.22385e-07
1.24281e-07
3.20159e-07
1.45169e-07
2.41553e-07
2.08147e-07
2.1872e-08
2.23914e-07
8.4033e-08
1.0385e-07
1.15965e-07
1.36264e-07
2.46809e-07
2.47141e-07
1.05316e-07
1.88079e-07
2.31599e-07
1.42307e-07
6.572e-08
1.31257e-07
1.94537e-07
2.10815e-07
8.79472e-08
2.54223e-07
1.32612e-07
3.08301e-07
1.95621e-07
2.33329e-07
1.99019e-07
1.19404e-07
1.19242e-07
1.36992e-07
1.4463e-07
2.99199e-07
9.37122e-08
2.38522e-07
3.16027e-07
2.68532e-07
1.56799e-07
4.31453e-08
3.00503e-07
1.76947e-07
5.2735e-08
2.26475e-07
2.43948e-07
1.49313e-07
2.99822e-07
1.16936e-07
2.33861e-07
1.21348e-07
2.72308e-07
8.14188e-08
2.00255e-07
1.80078e-07
2.06835e-07
4.60725e-07
2.1447e-07
1.4491e-07
2.51099e-07
1.56067e-07
2.35902e-07
2.07533e-07
2.18167e-07
3.01697e-07
9.21838e-08
2.91738e-07
3.47257e-07
1.17297e-07
2.45532e-07
2.0982e-07
1.84367e-07
1.95223e-07
3.40727e-07
2.65555e-07
3.59086e-07
2.0762e-07
2.53629e-07
2.23754e-07
1.12931e-07
2.0481e-07
3.60992e-08
2.1953e-07
1.30879e-07
2.22467e-07
1.84803e-07
3.31832e-07
2.2932e-07
1.37902e-07
2.87504e-07
2.70368e-07
2.2824e-07
2.54514e-07
1.76384e-07
4.55297e-07
2.32876e-08
1.25043e-07
1.37282e-07
8.83569e-08
7.54977e-08
2.84424e-07
1.62305e-07
2.66885e-07
1.69465e-07
1.20216e-07
3.02951e-07
3.42228e-07
2.5764e-07
8.77758e-08
1.94306e-07
2.85159e-07
1.25287e-07
8.93861e-08
1.15432e-07
8.72221e-08
7.7206e-08
1.93374e-07
2.80582e-07
1.97467e-08
1.46428e-07
2.44672e-07
2.01442e-07
2.28992e-07
1.25273e-07
2.21631e-07
2.96625e-07
1.54518e-07
1.21827e-07
1.32417e-07
1.99777e-07
2.73474e-07
1.89554e-07
1.35351e-07
1.76027e-07
2.59753e-07
3.18642e-07
1.97661e-07
8.3568e-08
1.57712e-07
8.20733e-08
3.04594e-07
2.63104e-07
2.27182e-07
1.94868e-07
2.34798e-07
1.72399e-07
1.69057e-07
1.6337e-07
1.47962e-07
2.87078e-07
3.28547e-07
1.92568e-07
7.8102e-08
1.2462e-07
1.50561e-07
2.82254e-07
1.69361e-07
-3.39191e-09
-3.85985e-08
1.03284e-07
1.1994e-08
2.49536e-07
8.16156e-08
2.51995e-07
1.19912e-07
2.92072e-07
6.22348e-08
4.54546e-08
1.83237e-07
1.72362e-07
2.64792e-07
2.72581e-07
1.55224e-07
9.84111e-08
1.45941e-07
1.65109e-07
2.09231e-07
5.11133e-08
1.74981e-07
8.08926e-08
8.08007e-08
2.27757e-07
3.41093e-07
2.07852e-07
2.56289e-07
6.29548e-08
2.62099e-07
2.0456e-07
2.03758e-07
3.5521e-07
2.45551e-07
2.41744e-07
3.12099e-07
2.94235e-07
1.18261e-07
1.59719e-07
3.98952e-07
3.00514e-07
3.72026e-07
1.7103e-07
2.11481e-07
1.85559e-07
1.68285e-07
2.20974e-07
2.46756e-07
2.09248e-07
2.37477e-07
2.50902e-07
6.73577e-08
1.08205e-07
6.50198e-08
1.34518e-07
3.5794e-07
1.72525e-07
2.93804e-08
2.57807e-07
1.46403e-07
1.49334e-07
2.94121e-07
1.34568e-07
2.55866e-07
1.88716e-09
7.65429e-08
1.86607e-07
-2.23503e-09
1.94956e-07
2.0917e-07
2.65294e-07
3.21581e-07
1.53238e-08
2.63749e-07
2.90826e-07
1.05239e-07
1.88483e-07
8.88751e-08
4.07571e-08
-1.31698e-08
7.73089e-08
-5.82166e-08
1.81032e-07
1.5864e-07
2.689e-07
3.47551e-07
2.032e-07
3.41331e-07
1.92066e-07
2.14529e-07
2.87827e-07
2.18279e-07
3.18635e-07
4.25616e-07
3.40515e-07
2.66037e-07
1.9532e-07
1.60322e-07
2.09032e-07
1.95082e-07
3.18546e-07
1.82124e-07
3.75435e-07
1.07922e-07
1.2816e-07
2.12301e-07
1.04994e-07
2.99031e-07
1.81919e-07
1.57112e-07
2.17732e-07
1.39729e-07
1.4541e-07
1.41887e-07
2.20214e-07
2.25361e-07
1.83531e-07
3.35057e-08
1.33852e-07
3.13269e-07
1.44854e-07
2.70236e-08
2.27159e-07
2.15578e-07
2.11107e-07
3.51738e-07
1.85846e-07
3.30955e-08
2.32647e-07
1.8382e-07
-1.60816e-08
2.30783e-07
3.04826e-07
1.60994e-07
2.9053e-07
1.77845e-07
3.66415e-07
3.21805e-07
2.03336e-07
1.83827e-07
1.07084e-07
2.7141e-07
1.49662e-07
1.10561e-07
2.1109e-07
2.42511e-07
2.4142e-07
1.44479e-07
1.56776e-07
2.11754e-07
1.64276e-07
2.54341e-08
2.12752e-07
2.15454e-07
1.7483e-07
1.96252e-07
3.14829e-07
2.62097e-07
2.3003e-07
3.13631e-07
3.21452e-07
1.75854e-07
2.98893e-07
1.31978e-07
2.92822e-07
1.81159e-07
1.76844e-07
2.27841e-07
3.05259e-07
2.85347e-07
3.05014e-07
2.99301e-07
6.13129e-08
1.79069e-07
7.4967e-08
2.18998e-07
1.56711e-07
1.25122e-07
1.43617e-07
1.5217e-07
2.18337e-07
6.1658e-08
1.31859e-07
3.16482e-07
1.94921e-07
3.53265e-07
1.60952e-07
9.77511e-08
2.69965e-07
3.02077e-07
3.60341e-07
1.39425e-07
9.26835e-08
2.9613e-07
1.7806e-07
9.79294e-08
1.81957e-07
8.12918e-08
1.29369e-07
1.4225e-07
3.68823e-07
2.00364e-07
1.9103e-07
2.09795e-07
1.18189e-07
1.81404e-07
2.13427e-07
1.41082e-07
1.23493e-07
2.4557e-07
2.13143e-07
1.93999e-07
3.08329e-07
1.00968e-07
2.31878e-07
2.02074e-07
4.00592e-07
1.55896e-07
1.64172e-07
1.5482e-07
1.66034e-07
2.96285e-07
1.03202e-07
1.88973e-07
2.10438e-07
1.74196e-07
2.29413e-07
8.07659e-08
3.19018e-07
1.87122e-07
1.7063e-07
1.40668e-07
8.62859e-08
1.38293e-07
9.90196e-08
1.1222e-07
1.4638e-07
8.13093e-08
2.7605e-07
1.96716e-07
2.02449e-07
1.97495e-07
2.78434e-07
5.67705e-08
2.04857e-07
2.26287e-07
1.61312e-07
2.647e-07
3.32183e-07
1.35562e-07
2.0499e-07
1.99108e-07
1.75515e-07
1.81305e-08
1.69791e-07
3.29667e-08
3.4513e-07
2.78234e-07
2.78515e-07
9.74116e-08
1.37198e-07
3.33798e-07
1.83861e-07
2.5461e-07
1.95711e-07
1.94961e-07
2.85755e-07
3.27726e-07
1.60646e-07
1.7769e-07
1.21065e-07
1.80292e-07
2.54276e-07
1.69955e-07
3.24994e-07
1.25041e-07
1.72006e-07
1.21925e-07
1.13756e-07
1.50299e-07
1.86827e-07
2.09071e-07
7.20733e-08
2.46029e-07
1.73968e-07
2.6657e-07
5.77714e-08
1.32804e-07
1.04947e-07
2.88899e-07
1.85537e-07
1.80192e-07
3.35597e-07
1.78026e-07
1.40732e-07
1.34294e-07
3.43426e-07
1.68342e-07
1.8558e-07
-2.00886e-08
2.3875e-07
1.95049e-07
2.0511e-07
1.13487e-07
8.24681e-08
2.40005e-07
2.80744e-07
4.24614e-07
1.80923e-07
2.23578e-07
1.567e-07
1.17756e-07
4.13709e-08
7.7601e-08
1.0727e-07
1.82452e-07
1.41055e-07
1.795e-07
2.99554e-07
1.75474e-07
1.65202e-07
1.18365e-07
1.40379e-07
2.80821e-07
1.73099e-07
1.97986e-07
2.7805e-07
1.29856e-07
2.71558e-07
1.09696e-07
2.70397e-07
3.10506e-07
1.46661e-07
1.61728e-07
2.31472e-07
1.7098e-08
1.86739e-07
1.41289e-07
1.9113e-07
2.51572e-07
3.12202e-07
2.36726e-07
2.19139e-07
2.94378e-07
1.14832e-07
8.62062e-08
2.89173e-07
-7.19713e-08
2.63822e-07
8.78536e-08
1.23155e-07
2.5796e-07
2.93321e-07
1.70438e-07
3.67695e-07
2.98594e-07
3.29004e-08
1.78258e-07
3.57103e-07
1.68379e-07
8.54463e-08
2.66763e-07
5.15309e-08
1.66529e-07
2.58874e-07
1.59574e-07
2.99416e-07
2.24029e-07
3.81676e-08
2.30258e-07
2.24776e-07
5.97994e-08
2.02251e-07
1.88373e-07
2.44173e-07
2.30118e-07
1.46684e-07
3.1255e-07
2.88821e-07
2.91484e-07
1.6089e-07
6.2595e-08
2.19087e-07
2.06856e-07
2.08021e-07
2.77627e-07
1.58886e-07
1.89996e-07
3.45571e-08
2.05801e-07
2.64087e-07
2.58158e-07
2.26478e-07
2.65735e-07
2.93439e-07
2.63436e-07
1.83038e-07
1.50756e-07
1.60283e-07
8.1669e-08
5.7792e-09
2.07575e-07
2.41744e-07
1.83608e-07
8.02352e-08
2.5524e-07
2.19157e-07
1.58036e-07
1.80526e-07
6.42736e-09
1.25005e-07
2.02787e-07
3.28726e-07
2.40729e-07
1.67459e-07
1.59421e-07
1.70769e-07
2.6047e-07
1.87037e-07
1.9976e-07
2.30919e-07
3.03278e-08
5.5251e-08
2.26444e-07
3.16199e-07
1.22547e-07
1.73418e-07
1.2333e-07
3.81237e-07
2.75095e-07
1.87851e-07
2.43862e-07
1.42604e-07
8.06364e-08
1.24377e-07
1.76366e-07
3.03069e-07
2.62896e-07
-3.63663e-08
1.26957e-07
2.26507e-07
2.80083e-07
4.74117e-08
2.3766e-07
1.39159e-07
3.37493e-07
1.72416e-07
2.36271e-07
1.89964e-07
1.8449e-07
1.66848e-07
1.62396e-07
3.13287e-07
2.03886e-07
1.80915e-07
3.86529e-07
1.82822e-07
1.62896e-07
1.38064e-07
1.65273e-07
1.63031e-07
2.39952e-07
9.20665e-08
1.66889e-07
2.03539e-07
2.3346e-07
1.25259e-07
2.50298e-07
2.32073e-07
2.31307e-07
1.57004e-07
2.50543e-07
1.76683e-07
1.92992e-07
2.09809e-07
2.35674e-07
2.35825e-07
1.01193e-07
2.31535e-07
1.20199e-07
4.37174e-07
3.51906e-07
3.41339e-07
1.60992e-07
1.20053e-07
1.38947e-07
5.97837e-09
7.36597e-08
1.67418e-07
2.81381e-07
1.42801e-07
1.91672e-07
2.48294e-07
2.45566e-07
1.48009e-07
1.38088e-07
1.75399e-07
1.77527e-07
3.62139e-07
2.32116e-07
2.4929e-07
3.20459e-07
2.60953e-07
2.3484e-07
1.31388e-07
2.24669e-07
7.04168e-08
2.01071e-07
2.72682e-07
1.34348e-07
2.82714e-07
5.41208e-08
9.3428e-08
2.59176e-07
3.848e-08
1.40429e-07
2.49917e-07
2.71324e-07
1.10829e-07
2.77443e-07
2.44151e-07
1.95211e-07
3.3735e-07
2.06762e-07
2.39601e-07
1.52307e-07
1.63273e-07
8.71281e-08
1.62608e-07
2.52097e-07
2.89489e-07
8.77661e-08
2.77222e-07
1.81187e-07
2.00667e-07
2.60852e-07
2.60209e-07
1.7248e-07
2.1391e-07
1.94274e-07
7.37541e-08
1.87183e-07
2.16312e-07
2.95806e-07
2.97439e-07
2.67751e-07
1.05895e-07
2.01999e-07
1.73409e-07
1.34629e-07
2.79954e-07
1.10015e-07
2.77788e-07
2.60593e-07
1.16875e-07
3.00195e-07
4.83127e-08
2.58053e-07
1.6353e-07
9.80452e-08
2.1804e-07
-2.70104e-08
3.14038e-07
2.12436e-07
1.92825e-07
1.05452e-07
1.74491e-07
4.41247e-08
1.5441e-07
2.70753e-07
2.60631e-07
2.16417e-07
2.56182e-07
3.60861e-07
2.44123e-07
5.41061e-08
1.72225e-07
1.47388e-07
4.62666e-08
3.09039e-07
1.59425e-07
1.96823e-07
2.31564e-07
3.4066e-07
1.90041e-07
7.51302e-08
2.79738e-07
4.1415e-08
2.79907e-07
1.61468e-07
2.56479e-07
2.29657e-07
3.23228e-07
2.57109e-07
3.10482e-07
2.56339e-07
1.84064e-07
1.71954e-07
2.37639e-07
2.03116e-07
2.08313e-07
2.20509e-07
1.75063e-07
1.68037e-07
1.08509e-07
9.16708e-08
2.2769e-07
2.70055e-07
1.45221e-07
1.3884e-07
1.60012e-07
1.65484e-07
2.50669e-07
8.32102e-08
1.42946e-07
1.09664e-07
2.14442e-07
1.6803e-07
3.27266e-07
2.1633e-07
6.86906e-08
3.23807e-07
1.02612e-07
1.89283e-07
2.03708e-07
2.24874e-07
2.21788e-07
2.03472e-07
1.57464e-07
2.05226e-08
8.10639e-08
1.67716e-07
1.56467e-07
2.01271e-07
2.39123e-07
1.97201e-07
8.24277e-08
1.70584e-07
1.30181e-07
1.63719e-07
2.10171e-07
3.00349e-07
1.93553e-07
1.29349e-07
2.40777e-07
2.29139e-07
1.69553e-07
1.44356e-07
2.4742e-07
3.17685e-07
3.08222e-07
2.39378e-07
2.07513e-07
3.98098e-07
1.60944e-07
1.18165e-07
2.34163e-07
5.13676e-08
6.7341e-08
3.03431e-07
2.93155e-07
1.03085e-07
8.89399e-08
1.35368e-07
2.12268e-07
1.66993e-07
1.40235e-07
8.54121e-08
3.01602e-07
1.93577e-07
1.16951e-07
4.23847e-08
1.53963e-07
1.22347e-07
2.64238e-07
2.73468e-07
-2.92417e-08
9.4438e-08
6.78775e-08
9.77634e-08
6.8824e-08
2.02033e-07
3.75438e-07
1.8498e-07
6.26479e-08
1.66564e-07
1.90393e-07
1.85309e-07
1.47805e-07
2.58807e-07
3.76569e-08
2.68705e-07
9.60852e-08
1.39555e-07
2.01264e-07
5.78413e-08
1.68966e-07
2.8796e-07
2.30972e-07
3.74786e-07
1.97124e-07
3.24684e-07
2.5174e-07
2.73678e-07
9.01501e-08
2.57496e-07
1.54942e-07
2.35203e-07
1.56605e-07
2.34973e-07
1.46952e-07
1.60779e-07
1.70915e-07
2.15953e-07
3.46621e-07
1.21038e-07
2.14979e-07
7.69839e-08
8.55496e-08
6.44636e-08
2.92641e-07
1.22854e-07
2.18202e-07
2.63654e-07
2.41145e-07
2.70197e-07
3.93724e-07
8.7678e-08
1.88762e-07
2.84398e-07
3.49262e-07
2.31208e-07
3.46132e-07
1.95715e-07
1.12724e-07
1.97129e-07
1.25504e-07
2.31346e-07
3.31434e-07
2.17098e-07
3.13289e-07
2.72589e-07
4.27668e-08
1.40339e-07
7.88385e-08
2.24949e-07
1.43656e-07
2.81273e-07
3.3262e-08
3.28054e-07
2.59751e-07
2.15253e-07
2.69898e-07
9.45254e-08
2.40269e-07
1.71787e-07
2.36704e-07
2.12797e-07
2.34846e-07
2.41389e-07
2.37179e-07
1.7998e-07
1.25218e-07
1.5509e-07
3.51815e-07
2.81734e-07
2.14003e-07
2.10819e-07
3.2583e-07
1.32792e-07
3.85467e-08
3.35141e-07
2.19473e-07
1.63457e-07
3.26084e-07
2.1034e-07
3.24678e-07
1.73201e-07
1.92274e-07
1.64258e-07
2.10446e-07
3.38476e-07
2.87771e-07
1.80403e-07
2.13957e-07
1.81752e-07
2.43881e-07
1.648e-07
1.8078e-07
1.39015e-07
2.94244e-07
1.94591e-07
3.43213e-07
1.96081e-07
1.72407e-07
1.13969e-07
-2.24761e-08
2.04541e-07
1.05886e-07
1.64626e-07
2.41992e-07
2.90833e-07
1.70406e-07
1.96843e-07
2.2296e-07
1.81622e-07
1.61038e-07
2.30118e-07
3.00727e-07
2.46419e-07
2.15386e-07
2.15562e-07
1.92683e-07
1.78712e-07
-3.87703e-09
1.94602e-07
2.85048e-07
2.88731e-07
3.67815e-07
2.00858e-07
3.77738e-07
1.05668e-07
1.71132e-07
2.50236e-07
3.11331e-07
5.86268e-08
1.59379e-07
3.68295e-07
2.01095e-07
2.89003e-07
1.66826e-07
2.51473e-07
2.98545e-07
2.89865e-07
1.45072e-07
2.04298e-07
1.76482e-07
2.57876e-07
6.99665e-08
2.88636e-07
1.31979e-07
2.749e-07
1.99591e-08
1.61697e-07
2.92586e-07
2.46981e-07
3.24328e-07
1.31278e-07
1.65223e-07
1.59663e-07
8.77193e-08
1.63938e-07
3.30308e-07
1.98993e-07
1.33291e-07
2.5044e-07
1.3362e-07
2.9884e-07
1.17473e-07
3.35755e-07
1.06517e-07
1.64405e-08
2.94209e-07
1.20646e-07
3.81121e-07
2.0098e-07
2.75819e-07
2.50838e-07
1.13399e-07
2.59864e-07
2.75211e-07
2.29258e-07
7.41715e-08
2.9371e-07
2.11702e-07
9.272e-08
2.16735e-07
2.24701e-07
1.88243e-07
2.19333e-07
9.45229e-08
1.63538e-07
3.01105e-07
1.79034e-09
6.40791e-08
2.54123e-07
8.65152e-08
2.19622e-07
1.88005e-07
9.38302e-08
1.12349e-07
8.56789e-08
1.0297e-07
1.79854e-07
2.73181e-07
2.10903e-07
2.05489e-07
1.34432e-07
3.38185e-07
2.84537e-07
1.13712e-07
2.80929e-07
3.71314e-08
2.00923e-07
3.10921e-07
8.14927e-08
1.66499e-07
1.00632e-07
1.75223e-07
4.58525e-07
2.01066e-07
4.45752e-07
3.54496e-08
1.35806e-07
2.46424e-07
1.69796e-08
2.75608e-07
2.70666e-07
2.8611e-07
1.69227e-07
1.46048e-07
3.59688e-08
2.06025e-07
1.68768e-07
1.42325e-07
2.45907e-07
2.57513e-07
3.78262e-07
9.65624e-09
2.5727e-07
2.21376e-07
2.89141e-07
7.784e-08
2.04292e-07
2.6535e-07
3.28927e-07
1.58436e-07
1.03176e-07
2.02453e-07
1.19791e-07
3.75791e-08
1.49145e-07
2.469e-07
6.91837e-08
2.52116e-07
1.27283e-07
2.48935e-07
1.13098e-07
4.51874e-07
1.44136e-07
3.54681e-07
2.6371e-07
2.2814e-07
3.99565e-07
1.69108e-07
1.95523e-07
2.84128e-07
2.0869e-07
3.97286e-07
2.74338e-07
1.35247e-07
1.11128e-07
4.32171e-07
3.82178e-07
2.10517e-07
2.39149e-07
1.29159e-07
2.43133e-07
2.1646e-07
2.78779e-07
1.76999e-07
2.08315e-07
2.68192e-08
2.37819e-07
2.08806e-07
2.5753e-07
-2.04414e-08
2.24083e-07
1.61268e-07
1.76751e-07
2.77527e-07
2.47441e-07
2.6529e-07
2.10797e-07
2.49113e-07
2.98595e-07
4.79423e-07
6.64865e-08
2.64088e-07
1.47823e-07
3.52733e-07
2.82781e-07
2.10268e-07
3.15519e-07
1.99613e-07
7.89435e-08
2.26468e-07
1.23796e-07
3.54868e-08
1.66002e-07
2.40589e-07
1.52706e-07
2.03177e-07
3.32583e-07
1.9128e-07
1.38689e-07
1.94826e-07
1.55692e-07
3.99626e-07
2.96147e-07
2.5081e-07
2.02063e-07
3.23937e-07
5.655e-08
1.91155e-07
2.26967e-07
3.46534e-08
2.41033e-07
2.38674e-07
2.48477e-07
8.59662e-08
1.42071e-07
1.83792e-07
1.82074e-07
2.14339e-08
1.40756e-07
1.61226e-07
3.27171e-07
7.29132e-08
2.99607e-07
8.71209e-08
9.49472e-08
2.00315e-07
2.91817e-07
1.55125e-07
3.9704e-07
2.8519e-07
2.43566e-07
3.10947e-07
-8.40954e-09
2.3228e-07
2.16477e-07
3.10222e-07
1.45928e-07
2.03405e-07
1.59443e-07
3.03468e-07
1.31166e-07
1.47683e-07
8.5601e-08
1.42724e-07
1.54165e-07
2.3343e-07
1.61015e-07
2.42974e-07
2.56099e-07
2.42553e-07
2.666e-07
2.69664e-07
3.36893e-07
1.99901e-07
2.92311e-07
1.92936e-07
-1.03511e-09
3.12273e-07
1.68014e-07
2.46631e-07
1.84104e-07
2.39754e-07
1.30537e-07
3.61244e-07
1.2963e-07
2.18654e-07
3.95265e-07
5.96727e-08
1.28011e-07
2.13852e-07
2.23722e-07
3.20232e-07
1.72933e-07
2.34045e-07
1.64461e-07
2.57227e-07
1.59488e-07
1.54804e-07
2.18483e-07
1.6888e-07
1.15012e-07
1.28962e-07
1.87375e-07
3.73728e-07
1.28858e-08
3.59431e-07
2.7716e-07
2.00931e-07
2.48848e-07
5.83333e-08
1.27849e-07
-7.48777e-09
2.47906e-07
1.3374e-07
3.20919e-08
2.24433e-07
5.50514e-08
2.36437e-07
3.31002e-07
3.97084e-07
1.91017e-07
2.05913e-07
2.11454e-07
2.82791e-07
3.72767e-07
1.21712e-07
2.09806e-07
2.31926e-07
2.24112e-07
2.35352e-07
2.66609e-07
3.39301e-07
3.23567e-07
2.53666e-07
1.7225e-07
3.51569e-07
2.55093e-07
6.88706e-08
3.39212e-07
5.52317e-08
2.53079e-07
1.82868e-07
1.05409e-07
3.7238e-07
3.72188e-08
3.38602e-07
1.53078e-07
1.18606e-07
3.21201e-08
2.25228e-07
3.38194e-07
1.58077e-07
3.57149e-07
1.97658e-07
1.18381e-07
1.86129e-07
2.29943e-07
2.43045e-07
2.77539e-07
2.36434e-07
2.94481e-07
2.32723e-07
1.51497e-07
2.00888e-07
1.78235e-07
2.74009e-07
2.52566e-07
1.91607e-07
2.68494e-07
2.23559e-07
2.27398e-07
2.27564e-07
3.6723e-07
1.94383e-07
2.11962e-07
2.9748e-07
1.14022e-07
7.80723e-08
3.29739e-07
2.0971e-07
2.78644e-07
1.27253e-07
2.46286e-07
1.73818e-07
2.05144e-07
1.72828e-07
2.04075e-07
2.04558e-07
1.04736e-07
3.19772e-07
2.14624e-07
1.78506e-07
3.23665e-07
2.02067e-07
1.67838e-07
2.31984e-07
6.73258e-08
2.66886e-07
2.02493e-07
2.76575e-07
2.09068e-07
2.12633e-07
3.50566e-07
1.95911e-07
2.25647e-07
1.76431e-07
8.25295e-08
1.60904e-07
3.40916e-07
-8.94467e-09
2.51056e-07
2.34654e-07
3.36212e-07
2.80485e-07
3.87351e-08
9.25127e-08
2.14075e-07
1.90051e-07
1.74145e-07
3.70889e-07
3.40203e-07
2.94977e-07
8.83228e-08
3.25266e-07
8.94456e-08
3.01723e-07
1.90773e-07
1.37332e-07
2.80666e-07
2.02973e-07
2.1814e-07
2.2235e-07
1.48216e-07
4.15797e-07
3.2823e-07
1.45277e-07
2.70983e-07
2.45393e-07
3.18467e-07
1.13184e-07
6.25349e-08
1.58434e-07
6.87489e-08
2.06557e-07
3.63772e-07
7.61791e-08
2.29306e-07
8.593e-08
1.91988e-07
1.69965e-07
2.73417e-07
2.61538e-07
2.82526e-07
1.30603e-07
1.12226e-07
5.02964e-08
1.04833e-07
2.54805e-07
2.08908e-07
1.76797e-07
1.48302e-07
2.98875e-07
1.26063e-07
1.97732e-07
3.51931e-07
1.54991e-07
2.24827e-07
3.46046e-08
1.4217e-07
1.48316e-07
1.83293e-07
1.61132e-07
1.30114e-07
3.83977e-07
1.95974e-07
2.37156e-07
2.5973e-07
2.69378e-07
2.3114e-07
1.9231e-07
2.76634e-07
1.9602e-07
2.98441e-07
1.73412e-07
2.12647e-07
2.1416e-07
1.16614e-07
2.52017e-07
1.79987e-07
1.87499e-07
1.62104e-07
3.04503e-07
1.15368e-07
1.44587e-07
2.91898e-07
1.46531e-07
2.69041e-07
1.01886e-07
2.31521e-07
2.31494e-07
3.85254e-07
1.2173e-07
1.53024e-07
2.40379e-07
2.16108e-07
2.19065e-07
1.56121e-07
2.07739e-07
3.14678e-07
2.70332e-07
3.91205e-07
2.43802e-07
1.72442e-07
3.88391e-07
1.82901e-07
2.41271e-07
1.15614e-07
3.10849e-07
2.12181e-07
3.305e-07
4.25022e-08
1.45046e-07
2.44643e-07
1.98613e-07
3.62457e-07
-1.8053e-08
3.78629e-08
1.84105e-07
2.55003e-07
2.19388e-07
1.41968e-07
1.75368e-07
1.8749e-07
2.74315e-07
1.67762e-07
2.15788e-07
4.84028e-08
1.5468e-07
1.3066e-07
2.61637e-07
1.8552e-07
9.78777e-08
1.5519e-07
1.43491e-07
2.34155e-07
1.71514e-07
1.70971e-07
1.87469e-07
1.24532e-07
3.54076e-07
2.27728e-07
1.45747e-07
2.38083e-07
3.09216e-07
1.70522e-07
1.06359e-07
2.38358e-07
1.25238e-07
2.19305e-07
2.20529e-07
2.5555e-07
1.59702e-07
1.7331e-07
1.69835e-07
1.56874e-07
2.02961e-07
2.03416e-07
3.71862e-07
2.8609e-07
2.2508e-07
1.74036e-07
1.3525e-07
2.9266e-07
2.59464e-07
7.73654e-08
3.35003e-07
2.4708e-07
1.13951e-07
1.59859e-07
2.26677e-07
2.14418e-07
2.59834e-07
1.07861e-07
1.4508e-07
2.82603e-07
2.03531e-07
6.33276e-08
2.10958e-07
6.29107e-08
2.15483e-07
3.64137e-07
2.76855e-07
2.61931e-07
2.39965e-07
2.01664e-07
3.45227e-07
1.64625e-07
1.36042e-07
3.53831e-07
2.78307e-07
1.16625e-07
3.47742e-07
1.36853e-07
1.70469e-07
2.21721e-07
8.64281e-09
3.54816e-07
1.71664e-07
1.31951e-07
1.7561e-07
2.33046e-07
1.92418e-07
3.56056e-08
1.42337e-07
9.46724e-08
2.62206e-07
8.57216e-09
8.58705e-08
6.92698e-08
6.58408e-08
1.34095e-07
1.29411e-07
1.37137e-07
1.83299e-07
3.97691e-07
1.06013e-07
1.74642e-07
9.00228e-08
1.98406e-07
1.47169e-07
2.52187e-07
2.18261e-07
5.83232e-08
2.60644e-07
1.03623e-07
5.18102e-08
1.30419e-07
1.79803e-07
1.9756e-07
1.62054e-07
2.05243e-07
2.14786e-07
4.11297e-08
2.02884e-07
1.37735e-07
2.81348e-07
8.10844e-08
2.49484e-07
-1.1689e-07
2.63748e-08
1.54008e-07
1.89136e-07
1.64458e-07
1.40188e-07
1.95763e-07
2.59831e-07
2.51104e-07
3.59372e-07
2.06284e-07
2.86578e-07
1.01368e-07
2.44902e-07
2.27863e-07
1.35281e-07
1.00345e-07
2.67757e-07
1.48062e-07
2.49183e-07
3.07264e-07
2.78742e-07
3.82114e-07
2.15311e-07
1.67813e-07
3.85316e-07
2.97345e-07
2.32749e-07
1.71497e-07
2.91571e-07
1.98489e-07
1.56329e-07
2.20769e-07
1.05451e-07
1.90188e-07
2.74811e-07
2.77448e-07
2.5741e-07
2.28253e-07
2.47735e-07
2.13461e-07
1.45256e-07
-3.30534e-08
1.11553e-07
2.36192e-07
2.18392e-07
3.27337e-07
1.65412e-07
2.67913e-07
1.49664e-07
3.10964e-07
2.6265e-07
2.39056e-07
2.38481e-07
2.2736e-07
1.05056e-07
1.14635e-07
1.31188e-07
1.92781e-07
2.59511e-07
5.12995e-08
2.06087e-07
2.11118e-07
3.03433e-07
1.71313e-07
1.10725e-07
3.30531e-07
2.25395e-07
1.6117e-07
2.12348e-07
2.3902e-07
1.61863e-07
1.46848e-08
2.60892e-07
3.20073e-07
3.11054e-07
2.41039e-07
1.77448e-07
2.45003e-07
1.75137e-07
9.77627e-08
2.48561e-07
1.41061e-07
2.14433e-07
1.86283e-07
2.25086e-07
1.86484e-07
2.96436e-07
2.46083e-07
1.73963e-07
4.00221e-08
8.78907e-08
3.05299e-07
1.79048e-07
3.09205e-07
1.03616e-07
1.35967e-07
9.77429e-08
1.00604e-07
2.52088e-08
3.35948e-07
3.61073e-07
1.78937e-07
1.85961e-07
2.27973e-07
2.00172e-07
2.36037e-07
1.76192e-07
3.45773e-07
1.54433e-07
1.53994e-07
3.1968e-07
2.79525e-07
1.65965e-07
5.81212e-08
1.57852e-07
1.95069e-07
2.37519e-07
2.25038e-07
1.42313e-07
1.65345e-07
2.75279e-07
2.36747e-07
2.48089e-07
3.36726e-07
2.28411e-07
2.35771e-07
1.29637e-07
1.18117e-07
5.31432e-08
3.06693e-07
2.0479e-07
3.30204e-07
5.20105e-08
8.91843e-08
2.4604e-07
2.72627e-07
2.08894e-07
1.86383e-07
4.89214e-08
4.0464e-07
2.61061e-07
2.41345e-07
2.14595e-07
1.92724e-07
2.2115e-07
2.87646e-07
3.05376e-07
2.24856e-07
3.54256e-07
3.33614e-07
1.01767e-07
-2.8103e-08
2.03715e-07
1.94329e-07
1.27215e-07
3.32601e-07
1.1427e-07
2.04061e-07
7.739e-08
3.17342e-07
1.61333e-07
1.47425e-07
3.77015e-07
1.58078e-07
3.05923e-07
1.35647e-07
1.918e-07
2.08103e-08
1.18661e-07
2.12275e-07
1.36243e-07
2.90373e-07
2.65643e-07
2.75913e-07
2.10676e-07
1.91803e-07
2.11725e-07
2.46026e-07
1.50359e-07
2.78507e-07
1.87142e-07
8.53519e-08
2.66885e-07
2.71411e-07
3.39206e-07
9.0926e-08
2.73931e-07
7.97287e-08
2.31111e-07
1.48572e-07
2.40483e-07
2.28021e-07
2.20916e-07
1.73189e-07
1.70835e-07
2.52493e-07
2.49587e-07
1.54196e-07
3.08599e-07
2.6642e-07
2.06392e-07
1.86253e-07
1.89633e-07
2.19677e-07
2.798e-07
2.20032e-07
1.818e-07
2.92831e-07
2.11056e-07
2.33936e-07
1.64805e-07
3.03524e-07
2.49139e-07
2.70669e-07
3.25123e-07
6.31763e-08
1.45671e-07
2.03268e-07
1.73532e-07
2.30398e-07
2.06035e-07
3.50213e-07
1.33703e-07
2.69544e-07
1.06521e-07
4.18951e-08
2.33932e-07
1.81073e-07
2.14796e-07
3.50643e-07
2.82982e-07
2.90494e-07
2.78721e-07
2.59999e-07
1.17479e-07
9.54138e-08
2.15712e-07
3.70319e-07
5.59266e-08
1.30149e-07
1.19005e-07
1.02791e-07
2.50773e-07
6.35716e-08
2.11654e-07
1.48248e-07
1.78941e-07
2.26734e-07
1.92278e-07
3.27899e-07
2.35395e-07
2.3132e-07
2.62982e-07
1.96345e-07
1.16142e-07
1.31426e-07
2.39219e-07
1.70538e-07
3.01509e-07
4.18134e-08
2.44184e-07
1.86723e-07
1.72104e-07
2.75096e-07
1.2166e-07
3.74497e-07
1.44815e-07
1.79281e-07
2.11789e-07
1.35818e-07
4.43144e-07
2.75541e-07
2.35408e-07
1.81465e-07
6.83788e-08
3.0214e-07
2.58859e-07
1.88692e-07
2.12667e-07
1.71152e-07
2.35593e-07
1.15804e-07
1.29305e-07
1.74678e-07
4.71153e-08
2.66094e-07
7.05611e-08
1.75311e-07
1.27621e-07
9.3549e-08
9.27117e-08
1.72416e-07
1.7636e-07
1.18694e-07
8.21716e-08
2.9201e-07
1.47234e-07
1.36983e-07
2.7427e-07
2.79313e-07
1.43969e-07
2.11011e-07
2.88548e-07
1.48195e-07
2.36669e-07
8.80042e-08
1.58772e-07
3.41723e-08
2.51786e-07
2.44532e-07
-5.84097e-08
2.0328e-07
2.54177e-07
3.5461e-07
1.32651e-07
1.63954e-07
3.92444e-07
3.7947e-07
1.67506e-07
1.83692e-07
1.65553e-07
2.23515e-07
1.65191e-07
3.79998e-08
2.4115e-07
3.98918e-07
1.5682e-07
1.54756e-07
1.95189e-07
2.41011e-07
1.03979e-07
1.54165e-07
2.19674e-07
1.2014e-07
9.54925e-08
8.76974e-08
2.09606e-09
1.13619e-07
3.30559e-07
1.61068e-07
2.63978e-07
1.01106e-07
9.96389e-08
2.55554e-07
3.32665e-07
2.81842e-07
1.37733e-07
3.0452e-07
3.77616e-07
1.19028e-07
1.66682e-07
1.67157e-07
2.75994e-07
5.86536e-08
1.7544e-07
4.84443e-08
2.43804e-07
2.21539e-07
3.17063e-07
9.20248e-08
1.86519e-07
2.26886e-07
1.95237e-07
2.17029e-07
3.05534e-07
1.53095e-07
3.67384e-07
1.56282e-07
1.91611e-07
3.99439e-07
7.35159e-08
1.0246e-07
1.30434e-07
3.11127e-07
2.57308e-07
1.28529e-07
1.64241e-07
2.17495e-07
4.07256e-07
2.74832e-07
1.31597e-07
2.0507e-07
1.3178e-07
1.27622e-07
2.1841e-07
4.04072e-08
1.5545e-07
1.81995e-07
2.8431e-07
2.06382e-09
2.24379e-07
2.55377e-07
3.90623e-08
2.8284e-07
1.67668e-07
1.65908e-07
2.62729e-07
3.48189e-07
2.09986e-07
5.99525e-08
1.24875e-07
1.10277e-07
1.89141e-07
4.00047e-07
2.55647e-07
2.96058e-07
9.31783e-08
1.52959e-07
2.28507e-07
3.90999e-07
1.80898e-07
2.52564e-07
1.69756e-07
1.3024e-07
2.29127e-07
2.33248e-07
4.00345e-07
1.77337e-07
1.85246e-07
3.13165e-07
2.22248e-07
8.57008e-08
2.41209e-07
2.57681e-07
2.14773e-07
2.54109e-07
-1.72579e-08
2.40258e-07
1.03877e-07
1.80648e-07
1.28152e-07
1.49149e-07
1.22202e-07
1.83466e-07
8.8743e-08
2.19509e-07
2.81781e-07
1.90635e-07
2.26911e-07
2.11907e-07
2.46759e-07
7.81674e-08
1.64344e-08
2.12619e-07
1.85881e-07
2.90639e-07
1.6827e-07
2.0762e-07
1.48334e-07
1.2932e-07
1.15261e-07
1.56008e-07
1.62978e-07
3.46882e-07
1.28919e-07
2.508e-07
1.02515e-07
1.30172e-07
2.17964e-07
3.75469e-08
9.24341e-08
2.55247e-07
1.81626e-07
5.96585e-08
1.1303e-07
1.26705e-07
1.34087e-07
2.07272e-07
2.60683e-07
9.23417e-08
2.27355e-07
2.34088e-07
1.65452e-07
2.46944e-07
2.2903e-07
1.48017e-07
7.06904e-08
1.60796e-07
2.5053e-07
9.2077e-08
1.31152e-07
1.93773e-07
7.45643e-08
2.13223e-07
2.75823e-07
7.76696e-08
4.25074e-07
2.63535e-07
1.28349e-07
4.08669e-07
8.55672e-08
4.05711e-08
1.32075e-07
3.12539e-07
4.46069e-07
3.87097e-07
2.04609e-07
1.39395e-07
8.12433e-08
3.29463e-07
2.12617e-07
6.75246e-08
2.72767e-07
1.19508e-07
2.81696e-07
2.01657e-07
2.75452e-07
1.92656e-07
2.56413e-07
1.11449e-07
8.59666e-08
9.15484e-08
1.62521e-07
2.67749e-07
3.193e-07
3.11411e-07
1.5951e-07
3.37006e-07
2.3635e-07
2.38804e-07
8.62052e-08
1.2866e-07
1.65477e-07
2.04677e-07
1.65174e-07
5.02586e-08
1.95719e-07
9.90726e-08
1.31396e-07
-1.51381e-08
1.80886e-07
1.42721e-07
2.85015e-07
1.57498e-07
1.79277e-07
7.18732e-08
1.86129e-07
1.63468e-07
1.8546e-07
-2.17275e-08
1.88018e-07
1.32842e-07
2.38321e-07
2.21603e-07
1.54461e-07
9.78676e-08
1.40817e-07
1.71448e-07
1.75336e-07
1.96167e-07
1.72674e-07
-9.51598e-09
2.3436e-07
1.94561e-07
1.15306e-07
1.51715e-07
3.83835e-07
2.12671e-07
2.46854e-07
2.09707e-07
1.78963e-07
1.91364e-07
2.18351e-07
1.68747e-07
1.70972e-07
3.53905e-07
2.14043e-07
3.97404e-08
9.86793e-08
2.68476e-07
8.8204e-08
1.38897e-07
1.2513e-07
3.16866e-07
1.07609e-07
3.06738e-07
3.46242e-07
3.21556e-07
1.61996e-07
2.98177e-07
1.41756e-07
3.86694e-08
2.48139e-07
2.18439e-07
2.56499e-07
-2.78674e-08
1.82922e-07
1.58069e-07
2.72602e-07
1.16977e-07
2.0673e-07
1.49655e-07
1.91444e-07
1.90216e-07
2.71616e-07
1.78688e-07
6.18966e-08
2.80363e-07
2.72324e-07
2.21348e-07
2.55404e-07
1.42527e-07
1.82658e-07
1.80965e-07
1.78895e-07
3.07631e-07
2.59082e-07
1.89064e-07
4.17888e-08
7.43685e-08
1.03846e-07
2.44063e-07
8.17892e-08
3.22589e-07
2.13801e-07
2.73419e-07
1.55674e-07
1.64758e-07
1.80825e-07
2.22952e-07
1.61958e-07
2.35935e-07
1.69161e-07
2.33301e-07
1.56635e-07
2.33867e-07
3.02181e-07
4.08745e-07
2.52674e-07
1.69933e-07
2.07658e-07
1.51472e-07
3.17403e-07
3.23505e-07
2.33286e-07
2.54201e-07
2.27753e-07
2.43436e-08
3.71315e-07
1.69989e-07
1.82289e-07
1.89606e-07
1.57745e-07
2.18496e-07
2.67515e-07
1.48655e-07
8.04918e-08
1.90924e-07
2.49502e-07
2.03852e-07
3.29057e-07
2.081e-07
1.94397e-07
2.81244e-07
1.52853e-07
7.03373e-08
