-0.4052072489568439
-1.3221880161100734
-0.3308367711841599
0.8944533928899848
1.928021225292836
-0.3617362879206951
-0.3095359776111749
0.3932215019490692
0.3853617000088244
1.2428055029773146
0.3049884662903589
0.0830309431299973
-0.2421891919707442
0.225135930926758
-1.1419151720190466
-1.2051488068798957
-1.0981976851343842
-1.382333494733888
0.0012216633674056
-0.1157749229121561
-0.6358846622183482
-1.542254012115826
-0.6026904848392243
-0.3600194142454549
-0.3971417913557724
0.4540367302425882
-0.1088837173206359
0.8444182954908648
-0.2442215684363823
-1.0234526189960085
0.0181875789218233
-0.4365395578757958
-0.7890561032719989
-1.4356877389156488
0.970289992225155
-1.3180140029882397
-0.2725515329758586
-0.5385999492448588
-0.4702684041953467
-0.8608121760467914
-0.3003944024334432
-1.3277427144563505
0.3300908678946727
1.009328976908577
-0.4125597840091186
-0.1958790282878181
-0.2357434428486527
-0.5939432324388241
1.0293759588525606
0.317737319029605
-0.4260289951858826
-0.925964439696822
0.0190393502489218
-0.5453196521071358
0.3205540239594617
0.0269404691820188
-1.2289595487077216
0.4036107214249656
0.3567630706222423
-1.016317767079191
-0.4557598554825342
-0.5664087961513679
-0.2126545432709971
-0.9051223173021488
0.0527011207019635
-0.4133979510448327
-0.812596158139943
-0.676195499726186
-0.9250861871841118
0.0951735235149955
-1.6624288898758928
0.8107956089972861
1.8710506142851195
-0.6840342916812376
-0.5551102055686281
-0.8392605765326838
-0.7908905994299507
-0.5787473375564699
-0.8085220897675062
0.5443871819350132
1.2841028524356215
0.1576487860029377
-0.2781191375069204
-1.372122295161616
-1.354476886693259
-1.2633864021337822
-0.9819612863978344
-0.5271515741762415
0.0039875265145706
-0.2907653453840489
-0.3859075726149589
0.0323067494602765
-0.3559095326257804
-0.9290485339692738
-0.041630320626004
0.0369315610385511
-0.9050432720261032
-0.6401146408532118
0.1011927797785799
-0.2363685352910471
-0.5997367083036039
0.431500696635972
0.4094472526190595
-0.4078498811745177
0.9884319367458158
-0.3344792459395014
-0.0013149161554786
0.570425563646873
0.0269663034682185
-0.0580567157582172
0.0509934369946338
-0.0699449504873523
-0.5309746237669009
0.4867871203952874
0.855677933913599
-0.1685168007913121
0.1907546179600568
0.3085536338276631
-0.5389399209580203
0.3499019629881781
-1.3355652948076062
-0.2643703109832537
1.67914962566394
0.1344752609959389
-0.6361043017937569
-1.0970245743361369
-0.2202973179588133
-1.4853843234492683
0.0071240183215521
0.1592453671650273
-0.3323161925879307
-0.4500624976331028
-1.0219240634024376
0.9189349993328576
0.3612175543318791
-0.6782685657519547
-1.2187350336138747
-0.5689168374277086
-0.5111342657299253
-0.65749691809426
-0.5058502971730227
-0.1809735556782342
-1.035178851273244
-0.5332096190451081
-0.3997123982925865
-0.321261631218424
-0.2568641529987407
0.3564004633234571
-0.5598284591018515
0.6810177630129353
0.6128096818870109
-1.1358524563284007
-0.3631507123986754
-1.6674719223321874
-1.278684261373385
-0.0669749175881293
-1.1040870140289445
0.5679122356629437
0.0551785759346162
-0.3925254318454063
0.1105345521112741
-1.594539807973732
-0.3829584272198107
-0.2009762349281212
-0.3391725687684018
-0.8560907338329918
-1.0543392213597589
-0.572323576488888
-0.20716248284819
0.7959595936010957
-0.3361583386488125
-0.9147916783020448
-0.2326261511398501
0.0743670412864039
-0.9014330460591238
-1.1080001760114606
-0.0304601716055628
-0.998328131764794
0.6550511175318433
0.1808578247175221
-0.886368859896433
-0.487469435083542
-0.7242476376901421
-1.3770687428938753
0.0026860730681727
-0.8146773106933789
-0.861587986402787
-0.2517780513643254
-0.4150921502544538
-0.0450452132519633
0.4446896386393483
0.4980912054913368
0.6886041526093937
-0.3973779766249445
-0.0458251914504156
0.048519841183193
0.1631131823852105
-2.0931390561147247
-0.2014975982174289
-0.3535802955913136
-0.8361051679616631
0.2183681826775248
-0.2804630920469445
0.2943322910051944
-1.531564588484824
-0.7571499193303783
-0.0101768169335227
-0.6703392997988842
0.3558555110126746
-0.6600928501895712
0.3266864051823192
-0.6631106791521748
-0.892956635563961
-1.3131886256597414
0.0989079245766214
0.2465309062338582
-0.4938552848470233
-0.7942415792894962
-0.981396474096698
0.2963951844069623
-0.6961711988253951
-0.62457135447745
-0.872199758832432
-0.6238524992585806
0.3269239949059606
0.1574803164565174
-0.7650567614440777
1.3753511434359518
-0.9520710211550754
-0.2877299743471008
-0.1855432132735926
-1.355557653623153
-0.8887807684872351
0.757848261147045
0.1424520121425224
-0.3093726723934857
0.7594912607752928
-0.3023722483816791
1.2480460541054512
0.4398618406794787
-0.2917172685376896
-1.6022829862236148
1.1751293076618567
-0.3510868130782947
0.2313955697349682
-0.4662321681080363
-0.6965729794130218
-1.7444020097819444
-1.4805612680709024
-0.5103957521897753
-0.6907648694410142
-0.1427241941340164
-0.4772761897274775
-0.8084201881892699
-0.3527926037009019
0.3390714117226924
-0.0315911701372987
0.774766569719356
-0.7864371009703189
0.3686983377744139
-0.8262733808857469
-0.0004369953958804
-0.8979672105820397
-1.1742924959174414
-0.4786678734771802
-0.5401287646501399
-0.3167382769846162
-0.5659988513528714
-0.8183392129995537
-0.1473634352767183
-0.1123096205299672
0.7090442795886369
0.1990230766053958
-1.1857550187802044
-0.6875883791821144
-0.5680382107223669
-0.4012773833772857
-0.0596698414459114
0.2174741899646848
-1.9396155101644532
-0.7437207791249659
-0.6775886141801477
0.4720372343010051
-0.136779506798852
-0.4473063025266006
0.3307408004052836
-0.2660337018935168
-0.2067095815372005
-0.0008602081132847
-0.223693363434972
0.3276970622304314
1.7078720747708398
0.576338598359205
-0.8584435660731308
-0.8011958723919982
1.4251465206389748
-0.854087118712058
-0.4332263525619933
-0.6778327841109522
-0.5212416888311824
0.4804499449141817
-0.6342419620541425
-0.3043153871257537
-0.5815625101126736
-1.5602577845887304
-0.2062385609361874
-0.8397068985838522
-1.4492998014711271
-1.244688785088533
-0.9348469180341824
-0.5356228254984337
0.1862429439223047
-1.170792026470494
0.0012287886148211
0.4485259401206852
-0.7459667142462901
-0.4506768679793235
-1.3329625006681862
-0.4516673549114068
0.0163506134396011
-0.8304545992844005
0.03338870659866
-0.6440691339751657
-0.7873536190007191
-0.1186029914880806
-0.1253597344152411
-0.075616096249593
-0.2596785018450895
0.0746974076483464
-1.1483572294145117
-1.9319635908006727
-1.3903831884410274
-0.0135634838105349
0.2215078502540156
-1.220212111788704
0.8358296455551898
-0.079352515110101
-0.5427983618846371
-0.9824060198661708
-0.3996508126103223
-1.0264963146497852
-0.2439515140906457
-0.1688149974783064
0.4371872102214003
0.1237671197533018
-0.1873077400367018
-1.288306444896781
-1.3529802994632336
-0.389564879397161
1.1176575225642291
-0.1247775004029002
0.0591261888856547
0.118315225976075
0.3733086889349609
-0.1057143342119325
-0.0899417350796275
-0.4381001937288079
-0.0499453640790196
-0.3107432948301838
-0.8729887194519191
-0.4953594579513879
-1.792834104212274
-0.0909107129205656
-0.7408492921410741
0.0530370139557505
-1.167211100162958
0.1745022105796312
-0.682161442425434
-1.443945633489681
-0.5977993355082228
-0.4500320438515433
-0.9731194796084196
-1.1882305408801357
-0.8410236531573011
-1.7317959965860894
-0.3742402061927241
-0.5668627030708091
-0.3638912072466762
0.3299667194741005
-0.2192166007509789
-0.2381934087127963
-0.7660390436169942
0.0408144420324072
0.0664371983969938
0.2319562723175954
-0.3626125260032433
-0.0388141670382969
-0.8562284798202481
0.8331029417509688
1.720725045011222
-0.9976090511200792
0.9456936980254148
-0.3305172622193135
-0.4233603374896899
0.1858529996617465
-0.4011688830125036
-1.0887345025002964
0.0079054333623791
-0.4452953970136631
-0.571902782105534
-0.0760904123687368
-0.8806192595338315
0.2334037819042373
0.2458356627857798
-0.9653074586226644
-1.4600242395817018
-0.1038604867564927
-1.393020598715595
-0.8816932055208948
-1.399597639621086
-0.5978484312751708
-1.2895803196861055
0.9360860702996472
-0.7578112630641813
-0.4139822536068415
-0.1949069058135454
-0.0085797320203441
-0.0811641945355946
-0.5218639957953612
0.4796819921974113
-0.8045226202146394
-0.9032475803414796
-0.621235337793144
-1.3632049742865269
-0.454457126460567
-0.2993209560893909
-0.0261563827713838
-0.1050697318372205
-0.3875121208966642
0.420654427271769
0.2525225225450576
-0.7143126148233438
-0.1422474226044705
-0.1056285898489608
-0.7966288260445649
-0.6398039493089359
-0.2627101024303531
-0.7280622674897553
0.2840583217019509
0.6669575299990608
-0.4270677615712206
-0.6316855903278822
-0.6595480395232125
0.0849216877283982
-1.227970855375477
1.6472526122009046
-0.5831418476042748
0.0372871071749587
-0.5026761081049915
0.2631414185469376
-0.455183343758305
-1.2136559907875573
-0.9075078543661336
-0.7272471380571044
-1.1983500773534246
-0.4717460333848538
-0.3098793178577268
-0.6712092123341303
0.2913201961252248
0.4357475434472051
-0.3306112476347673
0.0602421516067825
-0.0466512297143351
-1.186104722859396
-0.8170962088533628
0.8033266228800081
0.8416688611399213
-0.567851732112979
-1.3550876813967652
-1.150166486673054
0.2320676471116621
-1.612655174291326
-0.7483024927611014
-0.5430269706608958
-0.4893795769166283
0.5444859670449
0.7578814405408644
-0.8693401366627961
0.6106560674035172
-0.7403034276151891
0.3356257617780796
-0.632535339682963
-0.5355447250659029
-0.7945741192399028
-0.6441771978886902
-0.1113838946204511
-0.212248551793891
0.025472539890274
0.103260615218883
-1.667692059618061
-0.3737053627773576
0.4216034206595163
-1.258198793316678
-0.8298428148974546
-0.9461256501886286
-1.139680370876056
0.2733647593769425
-0.0844405350031255
-0.5296452375692687
-0.0107162025282725
-0.7244941064658103
-0.9606433457241907
-1.1770736131041664
0.9309350438773732
-0.5439710509234577
-1.1880109183118657
0.1756596688375979
0.0820976280690405
-1.175126397852947
1.1651501791630676
-1.0065229811938816
-0.0192131418523324
0.4904717287998156
0.3427153526365594
-0.912617732308292
-1.36831523135763
0.1233985380584357
-0.427219838982096
-0.3218548462271391
0.2917267952647497
0.1845081695134163
-0.806236582555201
-0.2153458763239311
1.0710977527270904
1.3254172622271208
-0.1747440469151449
-1.4522946039729805
0.7069434451294583
0.951773935482614
-1.2696655633876048
0.3223772205325254
0.3973909001474316
-0.9528847314858536
-0.0025134074246535
0.8821486481257222
-0.1642109130437906
-1.4870365382399813
-0.2425348631314546
-0.2658710362665647
-1.5557664648847795
-1.2996970856176746
-0.5985266843090701
-0.824985212762021
-1.1097981144130653
-0.1290679618420887
0.2897194385585611
-0.4239713606860038
-0.3794006356941751
-0.5814517553566205
-0.9035887401501436
-0.3628473157477958
0.366060687628701
-0.6705335899727592
-0.7183625272972255
-0.3786996502617961
-0.7235912374965787
-0.1874893531917094
-0.1257752607875708
-0.0069622172782729
-1.6312650797430102
-1.3014740564751035
-0.7185586483943469
0.7591777788447276
-0.4083995467205927
-0.8503225522469915
0.179150407099229
0.2875894710331482
-0.2651724881154091
0.2117366296003505
-0.1677171528663166
0.3287076316288497
-1.0241503375646164
1.1282124112623135
0.2343645272437845
-0.4951756722725807
-0.771575808393601
-0.3485061650836907
0.1595357332074499
-0.1496346879940727
0.2142336698104164
-0.5484653792213596
-1.085718443242292
-0.1276194338713588
-0.2957586135315335
0.68163173367902
0.0857421720660563
0.2842348869140097
0.0343359343806666
-0.8112321604457444
-0.3750409515916353
1.1269370416420108
0.5069504275381826
0.0778153518985739
-0.4561420920692093
-1.2043756643376655
-1.269186059324965
-1.0812366797136297
0.5182599516043201
0.3371250025872687
-0.959349588721536
-1.1294109288087302
-0.2236037579955494
-0.1018621871008568
-0.6036498888143931
-1.083549849742541
-0.1106223031472522
0.1147691330679009
-0.5510014180807872
-1.3227655284065132
1.0703541992267671
-0.4255100405253024
-0.6406951738892224
-0.2188836385832033
0.4690614156333264
-0.1039608243194125
-0.1639289250086811
-0.2629993230357233
0.7011249744854333
-0.1889291386070175
0.7323119347595404
-1.1803713446347197
0.4150016421281123
-1.5629471545698723
-0.9498414189333478
-1.272194769293351
-0.9932863307047436
0.1628658054286665
-0.6943708170872277
-0.6052115741524583
-0.1459919033466812
0.1637164436532072
0.1535490181745564
-1.2489984922230453
-0.7306241214377397
0.0908124752418094
-0.6647672731844824
-0.5564635551112211
0.7807291281717619
0.1019913066129498
-0.7709921463786441
-1.1569065920035453
-0.4362941294628418
-0.749199491862789
0.0718408509695677
-0.1036723707213769
-1.2786792420444733
-0.5562088456389594
1.4163005100729895
0.1993439138388388
0.1087321790853745
-0.0918894784654678
-0.0998627305695942
-0.1493344624012545
-0.8336364675432366
-0.4299414774226478
0.013564462558261
-1.0192802684977562
0.1693248013240053
-1.0428610081100118
-0.9680028179067924
-0.8973803088929776
-1.1840053249100653
-1.575344093104536
-0.7140941202608
0.2502990831796422
-0.264557424386139
-0.6395784417159803
-0.5175595421422055
-0.420664524285065
-0.0440006444053151
-2.184006498140848
0.1283820672728366
-0.2507572843851749
0.2541417209263774
0.8689313844896815
-0.7632614870875581
-1.1491796990857062
-0.7163804563848055
-0.1493355454436115
0.3879662784293649
-0.1633379381471107
0.0287377969717889
-0.528652124297831
0.1958098283304553
-0.6123950232119185
0.4930534263875614
0.2995037176650182
-0.4105604352373783
-0.5074275158906345
-1.0233573864990753
-0.3059959502032353
-0.9448036382409608
0.7150689941124443
0.4623818753276573
-0.5963706154719678
0.8207763768513694
0.2074476724406848
-0.2746210751429142
-0.5530025966908736
-0.7747706625015112
-0.0694247529599047
0.4360921453919384
-1.3144405123689495
-0.6415410163217603
-0.4574434944488308
0.1155311445256662
-0.2104855467142994
0.7182339584651963
0.3070476034448558
-0.5191958597031708
-0.5391920365192333
0.2309881144004454
-1.4690634290689708
-0.5490231197451901
0.1348393275062449
-0.774828398762858
-0.3367895538194425
-0.5239000132762893
-0.0411251375701545
-1.286969245404128
-0.3816163528696192
-1.1629944658435152
0.1055570017374467
-0.5346946856144834
-0.1405952326620659
0.0139371615055272
-0.9664215075598356
-1.710821035370206
1.405771973248515
1.23475487748366
-0.671014353489541
0.1755367647245061
0.4687348550052104
0.1932508768516585
-1.4176490826671146
-1.241646851914984
-1.0027048791050197
-0.9299545937870018
0.8612736856455957
-1.8234845610890988
-0.5245520819578522
-0.4514479863312239
-1.07393945405181
-0.1834456077412696
1.2224906313137736
-1.1745768278283728
-0.0894803337437092
-0.48215651472918
-2.0628747389619417
-1.9788545639756725
-0.3194360532959099
-0.0623086897321448
-0.1467831168350514
-0.1707729513765252
-0.1650830366645922
-0.6920180586057526
-0.3287063332671526
-0.5823001808142976
0.7252543262693413
0.7855145552367248
-0.4518592266819852
-1.397110612481865
-0.9513041465048993
-0.1365763325091492
1.460523204377389
0.1975709328087887
-1.0526470227855442
-1.503155879760959
0.3347089248428919
0.4692624189624109
-0.3145040425415779
-0.2972351827236977
-0.4082339571313521
-0.2478400956953734
-1.0257204226761167
-1.2139444430705228
0.4250232704855719
-0.1985814174203664
-0.4384079733837781
-0.1411030638914502
1.076195638830238
-0.0500586397562753
-0.6700607197029578
-0.0583075011258049
0.0992699914539267
-1.0499086865845846
-0.3392391483455085
-0.8056549900143272
-0.8730250654945887
-1.398999831016602
-0.4538221761057749
-0.5928192271975056
0.3245275012470147
-0.9785369155658968
1.1934594891689283
0.4273598824852837
-1.002082988747263
-0.7356194224699626
-0.0179170102409003
-0.5549688187043232
-0.002900955060038
-0.4068512346587682
-0.2150193290383307
-1.197359196160239
0.061064730169618
-0.5399991128386715
0.4628190672544312
0.4239052446437711
-0.4033729586084636
-0.4373491098462528
-1.497981937552102
-0.7599359559285802
-0.1387720608608941
-1.7672505157257306
-1.3865488328460065
-0.499378867002182
-0.7837178611637593
-0.2977346750438905
0.4496416898467321
0.4034478401028364
-1.2176578168994103
-0.3556450650610508
-1.3650481784371902
-0.944484014178996
-0.0092692705137248
0.1829138977041171
-0.5697149687087618
-0.5082464940596215
-0.4617486576876589
-0.7409953597702081
-1.242177275512265
1.5633627554926155
0.1541876508978694
0.0092730847028535
-0.1877527182479341
0.9191844575881084
-1.0926901887113882
-0.5369449091213876
0.3443373211357955
-0.0552506332162421
0.8088073562068431
-0.4969812546899045
-0.3806136734272073
0.2061736170226671
0.0432327075627365
-0.8280749238378002
0.1269553239378579
-0.4107317822770756
-0.0176253984943646
0.3024187669108031
-0.8275013219039405
-0.2245852941988
-1.3158945647761502
-0.3095144008192357
-0.1628801139587215
-0.9713980828691012
-0.6811311912084655
-0.228619166831952
-0.6545396176365019
0.1194252665147616
-0.8065744212957968
-0.2029240942915316
0.1426059723296042
-0.0157714197257003
-0.593527136757328
-0.5477011947279758
0.4576632875111673
0.358645896113481
0.2582402866250818
-0.1328091809874826
-0.3607145964394109
-1.101380154269772
-0.9857796844870478
-1.5194936281830258
0.4075176776136948
-0.3527648867027833
-1.3886280807813536
-0.5695102105218676
0.3033975788087726
-0.1177242642216224
-0.4055401278926207
-0.7655490674608029
1.2023311326295427
-1.024983240608506
1.1161228367317908
-0.6051086307035249
-0.8928202528817643
-1.2270702760790606
-1.1188459925546628
-0.9025531376697226
-0.7785421177834051
0.3324077898202274
0.4976042087855352
-0.0277064322743834
-0.2728590640037197
-0.6277250131417931
-0.0923429287812779
0.6503315833991866
-1.0073403543691068
-0.7050731344935396
-0.6676684825935564
0.1793256062326823
0.6533590763056581
0.2731754115581998
-0.5266139295437299
-0.9997550282896868
0.3805788371729
-0.5794727311877153
-0.4956749479054213
-0.5941730385969363
-0.7061770923900536
-0.2367659592442952
-0.0586723403594955
-1.4479737701733764
-1.7175969774366395
0.1177582730724188
0.2328700065335895
-0.989397032952538
-0.2955262717109459
-0.6922606811402221
-0.8550631111290039
-0.558679012315276
0.651080611096463
-1.8327869490221893
-0.2926528115595941
-1.3055970020215864
0.3992403925935155
-0.3274227646142164
-0.0852034613417818
-0.5964778756285869
-0.2563429711485483
-0.8638827216436038
-0.328414651144522
0.5645597309126552
-0.7063419184488334
0.3956906196561145
-1.1982764109577833
1.2063303103669496
0.698696821639842
-0.1899148120798989
0.0439365788306828
-0.9095472361995662
0.3049546340111864
-0.2794730387552382
-0.795396142400295
-0.0862547162110506
-0.2715828186918797
-0.544891439544431
-0.8343714528830325
0.6555372665048962
-0.979757075426354
-1.0658122862721024
-0.6371561401426695
0.398832412300365
0.7059042307856217
-0.7924957746460282
0.9157694147675663
-0.125394712944475
-0.9486343148145184
-0.1887124847249622
-0.0084221656078508
0.0207658049470239
1.4792894644026289
0.1431638530075768
0.3467897452660466
0.4693110538252555
-0.8957058204877745
-0.6651655687692591
0.5965702003151524
2.676023294493512
-0.0802212566521765
0.6456846799841363
0.0626657652217389
-0.3013160102041757
-0.5736203169439487
0.91858698626921
0.166971561247029
0.1614960937518532
-1.299978948996515
-0.9215547645520976
-0.998358482571196
-0.7202848991432277
0.1979294548872623
-0.2349144606013654
0.4298923225583742
-0.206826486675701
-0.2450681497217308
-0.0185994097067192
-1.3236013776947193
0.4947828516722967
0.2652157232631729
-0.224215495594792
-0.0817177012814281
-0.2360842723703565
0.193200783949398
0.0181419546669747
-0.2061444592719761
-0.621443936687732
-0.6035526676181772
-0.971208568351403
0.0069575621396333
-0.1197601960749078
-0.9697446545796152
-0.2610034746043672
0.6224174586395097
-0.939137108208071
-0.5009417460629653
-1.5033300050591183
-0.7586681357430822
-0.7825653846168595
0.964274082178703
0.5643171813581409
0.9929664832738996
0.1281164262558285
-0.1565579799359454
0.0311258608972426
-0.3301314756325045
0.7432044932503584
-0.2599143007111107
-0.9119716231173378
-0.5869709669961936
-1.4592162537825817
-1.13845723332105
-1.0886417346074773
-0.8845871591824136
-0.6366381711348673
-0.5940731015314276
-0.690215179791089
0.1884399104476821
-0.9199913917132836
-0.1258335848899252
0.5411905598450861
-0.5978743486941426
0.0678352197729212
-0.3526717343431217
-0.5345338695109981
1.557540032382836
0.2547398376189472
0.14007441112143
0.1753414548470572
-0.7332424817003887
-0.4021267563790949
-0.8639684717553295
-0.6380201985428278
-0.4170942675922433
0.8954585040208972
-0.8592989555566988
0.4342879807332322
0.0710414622908484
0.2777888904380242
-1.5506066965951075
0.4467693724310589
-1.085978703685318
-0.0674127324210996
0.8061759570328687
-0.7075296984207754
-1.3900244662441494
-0.1400241714081109
0.0485471339802364
1.0021813136130755
0.7349288851781444
-0.2467619887787297
-0.1812907141740953
-0.4415315113269896
-0.9059631520325198
-0.4169259130728507
-0.3882210166508953
0.6735969849398554
-0.9303104907792048
-1.3441673401935477
0.3734919030265383
-0.1106870326635052
-0.43168161137486
-0.0760653121051333
-0.5039112660513486
-0.1463901860319306
-1.1696563332889147
-0.8298814661710738
-1.458315042788339
-0.7195120207723094
-0.7098289152491526
-0.2056078709825718
-0.4539398048251161
-0.2408949736716999
-0.6279829567699825
-0.4755403265451666
0.3370028113679649
-0.3787225132397215
0.1639328663968762
-0.8705722594332703
-0.6227063001087351
1.4227515097376917
0.0998612317648979
-0.1915814230684127
0.0390992258607259
-1.1250525520686363
-1.461495189019708
1.678137788661334
1.5216187016749014
0.0291920159819741
-0.1365763354830612
-0.8163068309170126
-0.1393545372009532
-0.3803634332647602
-0.4120680539261927
-0.0752612250187939
-0.0195154957168612
-0.6474707540852603
0.584353880542596
-0.5070834401021957
-0.131482753111816
-0.6643488483200253
-0.8388147246643757
-0.2975266180527825
-0.9572406278082434
-0.6521533826271628
-0.9711524470684186
-1.0229563008393507
-0.3435511754279499
-0.0376312705983286
0.6918578136193996
-0.4879764007866948
-0.2398327252212207
-0.6959334573401513
-0.5403209577509194
-0.4213971889670677
-0.8589892506070811
0.2327266794452986
-0.5592172886843004
-0.4612945777439222
0.2545804721977949
-1.0980377720824517
-0.4428140414055522
-0.233522707589924
-1.2608576932296405
-0.5478906290952569
-1.0111852769035583
0.1602037726988054
0.1320101535732751
-0.5870739008122563
-0.1548351253287908
-0.7148559338334697
0.1461711823853304
-0.6234316869122862
0.4151808554024768
1.4990860007686342
0.2226500350337051
-0.336490276459468
-1.111294585924827
0.265524497077011
-0.8386036913483915
1.1946413668590683
-0.0166550306560425
-0.8296630495541104
-0.5110146940215828
-0.9787161106672236
1.364141118377006
-0.1877887711029723
-0.1745181974378977
-1.07510859293949
-0.5871500943265224
0.7024881736177272
-0.2270671621677614
-0.4123256267394361
0.7139879405224208
-0.4797776221409045
0.3597315885909317
-0.5709469838016944
-0.3457006560186895
-0.701270071676599
-1.5546024309336572
-0.1384779329735422
-0.4034780645453961
-1.480007753208806
-0.3550443974307334
-0.6008777639941388
-0.621747958838201
-1.281421198639607
-1.60589812389006
-0.6796139113033753
1.7920569831793975
-0.0687549653049915
0.7154295867935008
0.3630486252484756
0.0112215347325174
0.3687457448487488
-0.0237077888117988
0.1429266793719085
-0.4949378165283339
0.4696091080897447
-0.2749250414579764
-0.0311503887020142
0.4312515284333112
-0.776979526985163
-0.1252874191972421
0.3587627032433483
-0.5551228208337206
0.2909154057828803
0.2604566692237046
1.142248323085357
-0.8170150607195623
-0.1336707212079923
0.9362935014887028
1.1348933194357458
-0.1657293104876795
-0.1290697629532539
0.3198955328816761
-0.1213200673100315
1.3057494869269342
-1.4875173119728538
0.0157089329301853
-0.9852927615816272
-0.6786524926971765
-0.3229471489887616
-0.1420961496843013
-0.5190126361614017
0.2749999793936011
-1.0107618321250726
-0.280496769115572
0.624448227908961
-0.8009839318605109
-0.2506193154600835
-0.2134986063695228
-0.1531123728022225
-0.7466099373622725
-1.1296866974498694
-0.1210082916146634
-1.4505540699033657
0.7822937004331219
-0.9044222251931936
0.238373273897035
-0.022216776367199
-1.318036621152732
-0.3718384762229106
-0.3447103188878394
-1.0277940269644257
-0.5264599060708754
0.0656443981107336
-0.3815416457283591
-0.3676446622090083
1.1342969470705109
-1.0202976098448435
-0.0429681243655532
0.1928491789458365
-0.976585742945103
0.4216426234179586
-1.6512361078346016
0.0252784266127195
-0.3798761412797299
-1.015006141663746
-0.3265614583500416
-0.8058242202037788
-0.7628539703133218
-0.634102583427244
-0.4467458264879955
1.398905053843556
-1.091333569401149
-0.876637637550186
0.7131830404848414
-0.8640516804346937
0.1195175928108796
-0.1934912640503045
-1.2490559065897102
-0.0621769395171003
-0.3553075168256285
0.9268886834849712
-0.4361481667190357
0.7811268655703885
-0.7161437167053681
0.455467462461572
-0.533877325312366
0.8547932875611668
0.2013900564059332
-1.426661032790877
0.0528660300188772
-0.0153473683646179
-1.227672274499663
-1.025827350502436
-0.3023660770152036
0.223660644966516
0.7147569843236802
0.3158862162095199
-0.9239692271433904
-0.5439656837436408
-1.6188713174234095
-1.368207449009223
-0.3892549317651266
0.639816442945569
-0.1467874254013527
-1.097466491347027
-0.1742987199078542
-0.7508748102896441
-0.6627702984668177
-0.5386538647824226
0.1283360372260548
0.1239072358973048
-0.3114478827239121
-0.5921171746243735
-0.4988526537049241
-0.4263473037867017
0.6055435410876423
0.2778553764350615
0.2489438752752009
-1.2577798216211051
-0.7710106177252187
-0.4928468325004894
-0.467410864155562
-0.4005848236025116
-0.7128055541257624
0.1232740963929217
0.2470659399530062
-0.6046336901853586
-0.0743870308332534
0.5867321956553797
-0.4044888921376653
-0.385784420150926
0.5308844475678883
-0.130238045068607
0.457171315834355
0.1588411736929784
-0.9626569536602136
-0.7078555446670429
0.0592183226142397
-0.8706773243701593
0.4516608992599623
-0.8354698287094736
-1.1810990115417406
-0.1562762556920717
-0.2902030574018863
-0.7033890130034327
-0.7966736723969016
-0.0466859899758762
-0.4518492074632891
-1.117652575156552
-0.8366315110395206
0.3627893690505926
-0.2125485516581877
-0.4426055745941549
-0.2847026240900641
-0.1926712418542864
0.625587453588591
-1.004600871127972
-0.7964954797955341
0.93646788401593
-1.538368295936528
-0.4951427309027266
-0.9775720464025192
-0.6458639749536
0.2955629096396952
-0.0347921036366804
-0.2289737976787786
0.0001355123426771
-0.4935272158624457
-0.538855877463164
-0.4965416897115923
-0.1188490692285538
-1.139443761779127
-0.7118361623607357
-1.0377807887848207
-0.3770988223358919
-1.0046448878151153
-0.5420161023924284
-1.2581126897236694
-0.9965390660787607
0.0684589248782524
0.0673196470871863
-0.7197531885636279
-0.140715392874362
-0.5505588752359254
-0.3615556493506195
-0.676930584323001
0.5510435554171467
0.3725320706242559
-0.657606975383114
-0.6704149401598716
-0.4473195648861847
0.1406493936182308
0.3425902659946482
-0.6466185155438432
-0.6704243707744909
-1.72855441949661
-0.4100679209163762
0.109640085076297
-0.3249911559907441
-0.7492123782684521
0.3547376049511382
1.2533969154919322
-0.1397043039897372
-0.9179631084442252
-1.5290452322013008
-0.4537974326389049
0.0302748568366832
-1.1160373553567544
0.5884427321286507
-0.9639252190557384
0.1548470418365944
-0.7969901009275973
-0.9376787784801172
-0.6982096951464066
-0.9154017915372058
-0.9002990240803219
-0.2198161962473248
-0.4884350232578017
-1.07957365762093
0.0252196948074921
-0.8224622325143482
-0.0764931110099723
0.1605688065130107
0.8108204606438105
0.0171320294104617
-1.9291988743289237
-0.488997612759259
0.7422220418111096
-2.3261536684204764
-0.4454563431884032
1.16470838636225
2.298701971419292
0.0655886859509661
-0.7994815154646961
0.8118635908707077
-1.0715418495464195
-1.0698103636933665
-0.5922512873957098
-0.2237546896816371
-0.0425762357092006
-0.1465513785455815
-0.0678436523927412
0.0887373080342423
0.3382887607131604
-0.2853997090695477
0.1169789505610594
-0.2484654226403843
-0.4227943026221833
0.4176578171685375
-0.5240217632727211
-0.5732675587538669
0.7211034366688748
0.2353433723597972
-0.4583547294667546
-0.0428885745267033
-0.3441193652867266
0.7691490862635189
-0.2153976383663677
0.1190550245552496
1.448340209894083
0.1361351952910272
-0.194754766213347
-1.3176177280872303
-1.017665417255656
0.880111179421629
0.0899071904898916
0.6281769991251447
-1.506854483032022
0.3621042727980204
-0.5264913273971572
-0.7130144857698132
-0.2887350070543354
0.3231667791400033
-0.0432944659565774
-1.1519261972693389
0.5573476233570094
0.5470275940686085
-0.7213691886495373
-0.7794627640874305
-0.4868158657274081
0.8771924301251252
-1.012087826404736
0.1572654272064488
-0.9386658960478478
-1.2773038084808004
-1.2431405967296292
0.1749204871041844
0.1795180021347365
-0.155119159421288
-0.5156615107784072
-0.5922500947727725
0.938804192475812
-0.8895294513527731
0.3014476834542949
-0.0233520827002343
-0.7003134586696563
-0.577931589434056
-0.9570001976866184
-0.3632987031937868
-0.282232843331877
0.5969054361106536
-0.5979416897185892
0.0749514334284983
-1.502598069236719
0.0041046993248977
-0.5195922700274584
0.3689132782148869
-0.595358156419907
-0.9662126807993864
-0.1019562493609393
-0.4877681997915479
-0.2535317293911297
-0.4861007684545643
0.14830199957793
0.6729009677651461
-0.8906072625374871
-0.3477061669617273
0.636583961389328
-0.7314798274038056
-0.4200741152990354
0.3848914723620759
0.2615880699761171
-0.982749238802076
-1.1153357544720528
-0.6851260781625598
-0.2460044308231102
-0.5365854843392819
0.1393491038013556
0.1761272910628402
-0.2057313736937824
-0.652919506311601
-0.5337143475434868
0.3712845258454983
0.084047494549357
0.0664717382888667
0.4172467372940024
0.3064168989049372
-0.5540333712381723
0.0786146669816617
-0.5884259678118652
-0.7198868819229098
-0.4285344543002766
-0.056108999253309
0.0976335876185094
-1.069394309585503
-0.2826677525717788
-1.238301430305634
-0.011679784238618
0.4739506685792095
-0.5025470003212715
-0.260530902510652
-0.8452720615436646
-1.8021065331569175
-0.9362469517671634
0.2646261600224986
-0.4211435549610893
-0.0896287032899814
-1.6408036709645897
0.6561824856532723
-0.1976678568730005
-1.0071077961192103
-0.2338392386850252
-0.3566360726812277
-0.5750038843119141
0.2896719490942628
-0.4524704425048546
0.5165065628942298
0.5760279423247912
-1.1279431163598224
0.1895783429230969
-0.0082967757382022
-0.7518546287648751
-0.8405648999696587
-1.1657679558286949
-0.4102072202989626
0.2639981323048729
-0.671963418612505
0.3958635294222229
0.7557432379797054
-0.4994240385545068
-0.4520894945861696
-0.6160630270237468
-0.0516220892160835
0.5885476129833476
-0.5119003551676472
-1.167882288106136
-1.1969890720962857
-0.4955951452552676
-0.8357803999654561
-0.4662791437963646
-0.1010633518262801
-0.4760906193713933
0.714662694858631
-0.9981053586836676
-1.3114005701861609
-1.2654190057515535
-0.4060935767730021
-1.1284509486335224
0.1128113518879767
-1.035661638026723
-0.7524472612143301
-1.105713809626472
-1.2032345859886835
1.1391185394589176
0.3011206971276275
-0.0639103813090241
-0.6823333911222605
0.310428935272608
-0.7748088548703295
-0.5267505249630019
0.0903926718185196
-0.0732260770631408
-0.0665219484283745
0.1310543033194412
-0.1512621518078493
-0.3187309305986248
-0.1813705771490952
0.0922110788704504
-1.195746721440198
-0.4620253386717139
-1.27385243388915
-0.665311361301591
-0.1049743334760597
0.0351904564220841
-0.3178425256697831
0.3978331174096683
0.1398919848221956
0.1432349199366135
-0.3233245372512834
0.1451329327956391
0.3634287310522512
0.2409095998055017
-1.5931567365410746
-0.7558774761176174
-0.3376646414769119
0.1863359115757159
-1.7507103560029094
-0.3101845812787928
0.6065149789754055
-0.6676178390400329
0.1114484253205788
-0.3620734068914001
-1.6483204920867178
-0.9222611543818404
-0.0483874034160995
-0.5039302576673478
0.0283430975069765
-0.7876916219841076
-1.2902157586276428
0.4673247354116981
-0.8429359983572353
-1.4352909712270874
-0.4979214644607231
-0.2018977335369125
-0.4578206646409493
0.5027352295429649
-0.2314734877716974
0.2968966398827438
0.8908717532178616
0.4989932749658235
-0.1282256081394949
-0.6784039792794901
-0.4449365276786916
-0.0951963836069184
-0.7890832599409514
-0.5309737306613419
0.4534083829082894
-0.0515690104821048
-0.2777108059414281
-0.6044741928998988
1.0237660122184171
-0.1730240757456861
0.076867641610858
0.7055811590227338
-0.7726883561028739
-0.4241993260768583
-1.2933741478643686
-0.1334498012534923
-0.6486143270836338
-0.1429478270508569
0.4048685851970419
0.2514826523560388
-0.4516140278362474
-0.6182161586901004
0.4401577798351985
-1.937308259576108
-0.3040502185909816
-1.2479877184960806
-0.4097829144664835
-0.7777068735299377
-1.753922388955487
-1.1330904290447783
0.2824753548744579
-0.6810513343573527
0.0478590298180812
-1.071668464928792
-1.291321250290188
-0.1165519022313176
-0.9389799556084878
-0.2736162604623928
-0.8444010633174175
0.3942244214790257
-0.3763474093562777
-1.2124113197858415
-1.1260368382787318
0.0271311212928547
-0.2609393458013895
0.5758439887011398
-0.3252598697767738
0.1520210751552847
-1.0177227376836346
-0.7715082036517437
-0.024576016529324
0.2720900233095393
0.1464702100984668
-0.9317042902131591
-1.6531223551097871
-1.6156479569216042
-0.3100073539635523
-0.8863904710277744
-1.3958509404788089
-0.9159671317672352
-0.6592981707020742
-0.0233473981424432
-0.4534224736160984
-0.3469606593257524
0.1387840236119299
-0.557073395914471
0.9456204276844457
0.013900084925479
-0.3292986414833492
-0.9794739856263224
-0.8610813029942068
-1.0638810262500615
0.1007037878746957
-0.0176911724001734
0.0338758419564742
-0.8730296019154944
-0.3839501370015994
-0.2307543736664765
-0.403047176033416
0.6861700415495401
-0.4191412578318914
0.1310118840340318
-1.152248759268334
-0.3163071967461053
-0.9763866963901368
0.3046555035076903
0.4278393488545078
-0.53004689272742
-0.0562226844960102
-0.2173211887361102
-0.612155183154939
-0.7525902214533458
-0.2783816029825223
0.2885031909171636
-0.0202304746568177
-0.2348652207837492
0.152439962743488
-0.3976920208531451
-1.4049557404620991
0.6776624984872401
-0.1561322007993943
-0.5213488204728755
-1.1499168140193068
-0.5627451725732274
0.137165360169503
-0.5433553729898962
-0.6905936348486882
-0.0716552453118416
-0.5310200423537329
-0.3218385315962721
-0.5365642524032473
0.0215076923551127
-0.4060078084153502
-0.670791325549982
0.2653886953485279
-0.7906146191092606
-0.5768839274888707
0.039874614034626
-0.4833874074596284
-0.7270056676943075
-0.8638009355573281
-0.3316662023962407
-0.4666246160900451
-1.0099303275958595
1.3185578390251302
-0.1225490394309081
-0.007977699932868
-0.954854164443788
-0.5361474169254222
-1.332714403415739
-1.0199166525348782
-1.0670240765390255
-0.3852711785093166
0.3410097263233609
-0.1295034620600774
0.4117402753463459
1.5091183032193822
-0.3165687026958153
-0.3318689865237907
-0.872022372957979
1.0247607171996789
-0.1966101730838776
0.1606814919482821
0.6911600214868607
-0.5285331263576287
-0.757487095188174
-0.8301964472709924
-1.0623689113527002
-0.9765579811793308
0.7247707302374353
-0.336031351901434
-1.3282591379203563
-0.3536749979798381
-0.461447580485488
-0.1638468410656821
1.31109909106253
-0.8199006232314424
0.2771196585122187
1.2169192121993977
0.3130055486669453
-1.100496702277434
-0.4102752715921139
0.773639503964301
-0.7752618841478908
0.0273122513731237
0.1261544741700559
-0.384944334908576
-0.2747715481265106
-0.6668485952129565
-0.2669286290883101
-0.1674653975340651
-0.1093714901302871
-0.6174422935650559
0.8864660270938677
-0.0807667809579764
0.6138026810468924
-1.1634016750088971
-1.1988564796948722
0.5054431333746652
-0.231232371243337
-1.045367579979461
0.3013498388238006
-0.3707932131310006
-0.6696420937661639
-0.3787983325718039
-0.311191034866992
0.0698866348356174
-1.0737673976538902
1.125489008064914
-0.7316551701777877
-0.4806244486266801
0.1429163578649125
0.2857133865350298
-0.1217576273755472
-0.0139614115330022
-1.9458688369248365
-0.8332752172587542
0.4161396227552459
0.3319186970043366
-0.1966344842926361
-0.3081136630259145
-0.6399953427317391
-0.5327287040681844
-0.9645870092270342
-1.6205228585702331
0.6502634223365814
-1.1621674921510263
0.2591282820229758
-1.2570412773877035
-0.5908356048122476
0.487989578246177
-0.4283237827854494
-0.8121280649037558
-0.3158901600585674
-0.1273643794711861
-0.1564598679387392
-0.762137796389365
-0.7890304921118936
-0.9568330760786732
1.0358070430638902
-0.6586627164591261
0.5647787815824911
-1.5189971859092923
-0.889424350515996
0.8978360034851076
-0.7066438291935931
0.09861137657677
-0.0361717363750001
0.1531453470202988
-0.1418703629160694
-0.8168382891711076
0.3571112212075207
-1.926133121447368
-0.2437376730301339
-0.1467465328194717
-0.2988988093255893
-0.2864253954402928
-0.8285194730047799
-0.7103397796104646
-0.1209684972846817
-0.1031713488874126
-0.2671522867567614
-0.5256219287715792
-0.8493181016423903
-1.5893809254714617
-1.1234391201831213
-0.482476730073221
-0.7741962155296428
-0.3655221679907469
-0.6291272853216517
-0.5144888922658166
-0.1770963928529356
0.8147794286799798
-0.6627916931361378
0.0078363956849628
-0.5338966138597366
-1.5661621083615809
-0.1150319992505194
-0.8043821505730369
-0.0330546296671272
-0.4947790287830164
-0.3063500594412527
-0.2600922261560792
-0.4336888271363837
-0.643462348048035
-0.4430414914974629
0.48388456714405
-0.4849629858399671
-0.2398472414718849
-0.2524428890978162
-0.1455981354425717
-0.7146495612196353
0.0932883715363567
-0.3893213738430473
-1.5040839937713109
-0.4893853877903645
-1.4559178949177327
-1.1880034056118085
-0.6787646854408868
-0.541045573492924
0.3371533446922473
-0.6361386646442019
-0.0148526864155257
0.2561684689701021
-1.0031183019091423
-1.4192904885492617
-0.2507227193963168
-0.5224665339365653
-1.4222432427388545
-1.4947965974092503
-0.2747773711436299
-0.1239330961232916
-0.2946719809053335
-0.9233261375759764
-0.128424101365978
0.1048472163353852
-1.484860221577147
0.124809795472024
-0.4991775352358796
-0.5969671777235086
-0.0618860855841823
-0.3970827892726448
-0.9866480916739038
-0.0618640632950452
-1.7837214932865002
0.0057375985079936
-0.7607915469657393
-0.6940463610651914
0.3306177103853204
-0.6960015453311351
-0.6865723415958327
-1.2016066990382428
-0.2983301282831602
0.2668208576756271
-0.9630742022320192
0.8708876978028779
-0.905508099778514
0.1670656910256872
-0.2189241219730135
-0.0942369147926845
-0.5919706426397792
-0.2067145217816076
-0.627533248833963
-1.359924243296951
-0.8668132041096595
-1.4710448628403694
-0.8234682820873004
0.4374185695495391
-0.7250861613926023
-0.840296333945618
-0.4255230836603709
-1.2069314797804558
-0.5382396736105844
-0.9371675668532444
-0.3964103493581934
0.1369123476232715
-0.6400633699345196
-0.5379092978179513
0.5929565645282703
-0.1717436668120725
-0.2015149842821109
0.6083778322793736
-0.4299950120952093
0.2183110326344224
-0.4232646272983708
0.5784752528227609
-0.8618229209220061
-1.2686756001623285
-0.8258926699258143
-0.3822821400596604
0.309356123553171
-0.2313949779774001
0.0965835693276304
-0.9649647975490452
0.1485952761052492
-0.358437608854846
-1.509859971285504
0.9662398130487112
-0.260030370675215
0.3559016635283703
-0.2262145547847608
-0.4457268088781694
-0.8969945251101581
-1.2808560851644275
-0.7238267863267023
-1.0816386202613633
-0.1910658577680343
-0.3115193518017279
0.1921758794375397
0.1035417812382636
-0.8860252515120932
0.5561413942643987
0.12220233571311
0.5720926698056873
-0.0756450217745059
-1.5233644857202893
-1.338949713694949
1.094642662779851
-0.2957751929647145
-1.1855850157852006
-0.1722325133063461
0.1507431843250833
-0.6322627667229728
0.0192417740035233
-0.8207075903878258
-1.2713647499611955
-0.4960259712791578
0.0996109193983171
0.2323973476230091
-1.4719943761784031
-0.1846036527059609
-0.3364064233813745
-0.0830174865971443
-0.8373944340739587
-0.7136765075214475
-1.0598426356638846
0.9721155244106578
-1.1756609977097827
-0.6722645685021853
-0.6320503975103083
0.5036419486587164
0.6217974409560137
0.1101457225862597
0.3831386808936975
-0.398456050720069
-0.1031101468755346
-1.4245693542506197
-0.1184082512325772
-1.0216171763173545
-0.7773424664138188
-1.7358111934435303
0.0031402781733727
-1.1189809491677212
-0.9666127197087494
-0.9319740564656044
-0.6090130784853601
-0.4472893253148878
-0.6297546108113187
-0.8064205969410164
-0.4299250026519285
-0.2657706018378296
-0.545426973800522
-0.7897340507179754
-0.0531204973071582
-0.4526348615941442
0.2061977716930976
-0.2289042613353167
-0.8093873206763048
-0.32865487618222
-0.5779637788905325
0.338558379645025
-0.8559384369632005
-0.4039141773039565
-1.0424653038348404
-0.6390270626439232
-0.4826320064322741
-0.0736776588376766
0.0210278145749909
-1.2032778073155033
-0.6858327002653615
-0.3173649829426612
-0.481209965505922
-0.855059773047349
0.3779088595083736
0.3305507513200074
-0.7263646196194473
-0.6108175137433919
-0.9089470155186417
0.4032041796483079
-0.4752514907788226
-0.3733491779355222
0.620439335870052
-0.442115797565507
-0.5835771180555481
-0.4900413382519822
-0.4788885461214485
-0.0003974167784595
-0.9354504955683568
-1.2837339655633837
0.1711716820037805
-0.5822650195199229
-0.3086039493762063
-0.5673916281202493
-0.0696647955057452
-0.2434073744436619
-1.023686370489885
-1.91073074096149
-0.6835357548089479
-0.2422012233684204
-0.6410984005181769
0.1212176243290894
-0.6599264467340181
-1.5124356820317943
-0.2828146953322452
-0.130059493197374
-0.9129234547700648
-0.4785692871270371
0.0363717779895305
0.260138798136062
-1.8516551232320768
0.1358291387561744
-0.7068249654222157
-0.1660136564275025
-0.1843976309118443
-0.3440358779011219
-0.2489230026906433
-0.3143652257166888
-0.8212217092591013
0.7087889116881108
-0.1136297453509662
-1.329767215112177
0.5154599207652262
-0.7483517254016324
-1.5455603705321177
-0.5100319867412053
-1.5695959087780305
-0.6719348788975572
-0.4224188350004135
-0.3689455091748345
0.0567969731110059
-0.9528339745066142
-0.0451922659441333
-0.5608274016022462
-0.751294591438789
-1.0217690191234683
-1.831768323093826
0.0578514474815875
-0.0056922735597307
-0.4914039825124324
-0.7959287406787658
-0.1878844827984376
0.4227846576862774
0.0110184636494089
-0.4220439329084076
0.1554682871072895
-0.6315330725168721
0.3075513394841022
0.2151161475626712
-1.434869570201098
-0.7627393545189867
-0.3812955181357698
-0.4901418766159748
-0.7747640296500043
-0.7646547673428623
-0.7364104829924447
-0.4611783041062969
1.0669245851194102
0.1877707142645292
-0.7571393044283478
0.0169077014891554
-1.27166539707255
-0.8480476907534124
-0.2369826336501004
-0.0455593254206715
0.0154169753977099
-0.4732044928538322
0.9609137587643792
-0.2214887274650666
-0.0799940149842175
-0.6732275769141404
1.0287000992285285
-0.8658369638549193
-0.6634190553888671
-1.2424966141250828
-0.0575158401183102
-0.613568469524369
-0.0243205073219429
1.216293078616126
-0.2874897558124086
-0.3789556745949823
0.5745752993688571
-1.0605274928701107
-0.8189013115468762
-1.034691463250925
-0.2005523086306939
0.213875953653083
1.28869231659626
-0.4359741821660267
-0.1838238401201107
-0.28285299133333
-0.0153257041138024
0.0968535011077781
0.0519068320676491
-0.7101645902668284
-1.1715483991121003
-0.2808751188101311
0.4095945447708494
0.5125653515483645
0.2679999146443854
-0.2214132423352779
-1.4307881157521198
-0.3209007716418453
-0.4786143001423739
-0.4186793628131126
-0.8674419818379236
-0.770851649495628
-0.1389392029991782
-0.588674099170237
-1.4222773721092823
-0.4362485752043681
0.220339632303057
-0.1934331800203949
-0.3389246977513129
-0.720556177889537
-0.2525015800512958
0.7491995740519298
-0.6989252866014221
-1.1761048473440048
-0.6055299199176435
-0.8012826781280431
-1.517525201789817
1.496587342268226
-0.7336931623562458
-1.0742161703382358
1.0138967329013109
-1.775017229210169
-1.1465253996428424
0.2495279897264067
-0.3360277108782924
-1.016446937847939
-0.4244916340786726
-0.6201393901749795
0.138135070854085
-1.3545613012300035
-0.6470003562594895
-0.0752261556238558
-0.7057819345854603
0.4908445601082143
0.8462535543608716
-1.1357486340856575
-0.3741551057557474
-0.2617334755074719
0.9631247743535484
-0.8295804497713916
-0.1218825993751172
0.5115492354220222
0.4318414719966633
0.6040861465022608
0.4958455424208397
-0.7065404507288131
-1.2141652075296283
-0.4948996909817029
-0.3571332491953118
0.6796597660945147
-0.9017680945222584
-1.2078454245943306
-0.1531528239816674
0.1778270529260701
-0.2998677541930113
-1.16096123293138
-0.0326386882764335
-0.377657638481529
-0.5075046389803196
-0.3479352825111139
-0.1581309334844883
-0.1063355780120476
-1.023430956013773
-0.3391099015878429
0.451791278445721
-0.4444238961710517
-0.1308297552856602
0.1824055716394998
0.695124058552357
-0.7528418637040009
0.3034598731156266
-0.4500442924924008
-1.3727416481530892
-1.1198928337179468
-0.6417843914255731
-0.8984747243527114
-1.3036383810703225
-0.3826996150326683
-0.2869800339683108
-0.6026462655525632
-0.6098132081911182
-0.729641806376957
-0.3813417818287226
-0.9463187178103224
-0.0919058981855386
-0.1760690372291646
-0.6631563284491074
-0.1853317888564752
-0.3262244953934464
-0.3295741242135456
1.048005935997793
-0.6974613515382493
0.9661214755836984
-0.9461064223876008
1.7711096759361955
-0.5644030665245034
-1.6527668379172256
-0.4755747819020744
-0.2608523189488282
-0.2506075307967036
1.1974272535932706
-0.813797847133223
0.0669634891142205
-0.1310354160072807
0.0288489532811404
-0.8473402998499365
-1.4329512036571208
-0.4822143834169606
0.5351559532228254
0.1407378154112098
1.520132538914134
-0.5307772114750541
0.1798854749863278
-0.9000744779611284
0.2059406046864927
-0.1236755908569244
0.3038918005293756
-0.5378015327805702
0.7793267363273231
0.1240336573594982
-0.0966864324481283
-0.8724140812624812
0.0310089411301542
0.7866822483584054
-0.931697335082759
-0.1161672462806634
0.1081875268097244
-0.4429286409650804
-0.8028082193932785
-0.001952574694743
-1.431037200550917
0.4079575075819848
-0.792136022381642
-0.4759074925297119
0.6228108431867467
-0.3928243311080692
-0.3173206487708568
0.3713234669289892
-0.7694138988414146
-0.2811185637721137
-1.117257448426489
0.2631155078342044
-0.5078152314711284
-1.108426958773637
0.132094157122972
-0.0893742536177068
-0.6710312981284989
0.3354649020808729
-0.2061580003361385
-0.3989279889176012
-0.1145420707075539
-0.5390457961129147
1.39683417531783
-1.0345449748997633
0.1445042782676555
-0.3390479325259232
-1.2885550774360977
-0.8424708648125802
-0.896462319940217
0.8170574536704769
0.5247348210396441
0.168082118641237
-0.8270248593511614
-0.1886110607408871
0.3611643160713404
-0.1472758610588452
0.156087415522935
-0.7306020133807479
-0.6044931194004831
-0.5774611897692072
0.1005934655965068
0.6009502665642831
0.4987730611003718
-0.9552112781684864
-0.8734212282124681
-0.0397294994458099
-0.2109197328268126
-0.7195226197180536
-0.8519684802533862
0.567617394776784
-0.3336560769523015
-1.249458090711474
-0.1468001934876726
-0.6736803839353201
-0.5682714331589701
-0.6328878334190651
0.7782298010187599
0.5679248086580021
0.1020143192410589
0.6950384948950389
-0.0165365677383987
-0.0295706161893496
0.3360293545453886
-0.2563752429586751
0.2759334071610851
-0.2617156594098502
-0.2079584192645144
-1.386827504785822
0.3950316866764599
-0.5857830724817225
0.6779743074623726
-0.1766399521058982
-0.0563630500087788
-0.3700959647863922
-1.1893011687544588
0.9010795911258866
0.1972176095894771
-0.3253078734606123
0.306855200701669
0.2293876735882016
-0.6263808302544085
-1.4685384899285543
0.152017520507694
0.5156218365529643
-1.3626793180683272
0.2638879167504949
-0.0668493856894863
-1.0351859077375116
-0.0221874013000905
-0.5076334023123685
-0.4221014348466549
-1.2812731692046992
1.2681980628302305
-0.5087161801883351
-0.9820544867252818
-0.016090714361647
0.571571605496481
0.0247172943343741
-0.5591966797952655
-0.0318118570945083
-0.9008126271366106
-0.0113216719755044
0.2590592206026731
-1.057394958879305
-0.5263702456887652
-0.5238811072279359
-1.4731719599582611
-0.5629200700324083
0.156566136002
-0.2109980101872795
-0.0571288413180718
-0.3065394431702805
-1.1588568946911153
-1.1821095880506616
-0.510191230053689
-0.1180099780745074
0.316003997352886
-1.0938412972588638
0.7389574068016197
2.099162226923539
0.1728071359618955
-0.8165296951472247
-0.9719719359160804
-0.8542270042600617
0.6219225652844194
-0.3802671076916898
-0.687552720348311
-1.2474445273254775
-0.0662329623224466
-0.1828889075684653
-0.6560097147872758
0.5393792041861964
-0.3087059219569842
-0.2761433590260551
-1.1364604311540414
0.7820253316788194
-0.5962930764596247
1.6016975875284856
-0.7475976084904726
-1.2812969540753112
-1.4990627892123902
-1.1449076054428171
0.4867975432432207
-1.3506381177566422
0.0962773130087565
0.2430487478936071
0.3119739730684822
-0.9543406881612476
0.3353895888798234
-1.9739234424116523
-1.3510682434027623
-0.4849653099016433
0.5547764000886377
-0.2901469188625575
0.4415592082695328
-0.9753115751394243
0.1407310134896019
0.1749226768656139
-0.6544958785163855
-0.670570860179561
-1.101438433142639
-0.4145453583438647
1.4548370869723473
0.4768590030156355
-0.4267611526177998
-0.5299571618358239
0.1694750098818516
-0.501579490609989
-0.4517674367424417
1.153393407002665
-1.378394802594212
-0.305885250653403
-0.7271584901573406
-0.139378701212359
-0.1554256648792992
0.0227618881303472
0.8523511292000937
-0.9842333385423844
-0.8702348024657615
-0.1498677490069563
-0.7350279891650897
-0.8876454357456743
-0.874575650619777
-0.5212914568415534
0.3474750381136615
-1.1280151613821463
-0.4898059434336473
0.0783368779189969
-0.7387544939977451
1.0508817501703684
-0.3086492196056129
-0.5201733391356371
-0.0341961662891687
-0.7156181806961447
-0.86603535279378
0.2906552647560315
-0.7142914051971849
0.0850954056642782
-0.2161052421251369
-0.7130107440921779
-0.4649260904515069
-0.5489159299765071
-0.3977370738760162
-0.1225775727427796
-0.7152698880230932
-0.9100403652907104
-0.2753424168168907
-0.0643838038692005
-1.671772815571498
0.3796036694681535
-1.3184640241694157
0.0175380351803276
-0.4360387983295064
-0.9350920690991648
-0.4405181842938855
1.1636769464980723
-0.4102403411139778
-0.3227066918157196
0.2719087314927344
-0.6603186745675743
0.4700042822206296
-0.3761627182847211
-0.2867087722700507
-0.9476746387159184
-0.6072209520118729
0.0945079448932861
-0.9027780023035892
-1.6050926305225195
-0.6503844643412136
-0.5810129131796113
-0.0959619602421663
-0.0759646191118878
-0.2174156400399471
-0.6591630421735866
-0.6290610781774966
0.1681456926890375
0.1160437307497003
0.4190542147644964
-0.4179379686971322
-0.6128956899406849
0.368481200448785
-0.7399913463669472
0.1243029650975175
-0.6422215019324435
-0.9263114812949944
-0.3227893274482069
-0.1391391741228552
-1.2487929806110494
-0.4036684025939141
0.0044114013531007
-0.760322915226333
0.2899765589127811
-0.0371390025774097
-0.4361407512910002
0.0628482123570245
-0.5390053189012115
-0.2110597806612702
-0.1672041319116243
-0.5347614756761272
-0.5070257482325953
0.2835199842060794
-0.4774877739193551
-0.1460269349806912
-0.2808657494435062
-1.5436854218996678
-0.8158590094935172
-0.9787353841882566
-0.1382643580297977
-0.0856774375263656
-0.3652637724976231
-0.605906472492009
-1.0418726289177882
-0.6755113749060573
-1.5186843611390983
0.3004613001952758
0.4690841795404549
-1.1436704783547806
0.2143338338034887
-0.3063488535923089
-0.6549061977853905
-1.008473405639117
-0.8153831642399595
-1.1368303541215812
0.1548902880528021
-0.4738842346697431
0.6636410223535464
-0.5057716732963068
-0.630042048089578
-0.58686073699605
-0.0697228506983901
-0.4723982375773552
-0.1531212918963245
-0.8656317978972734
-0.1383573485583053
0.2671029868446822
0.1009258000489088
0.3005086399774037
-0.5322094557060277
-0.1207884085498175
-0.1588837571242088
-0.8293941380517987
-0.2653132135568953
-0.0054010170731783
-0.2314989961361584
1.175106484460258
0.1513818188056822
0.1869535219321042
-0.9754753437212332
-1.3790029616215245
-0.409241399082874
-0.1668377989308515
-0.459493052462065
0.4505856994529642
-0.6610303883313656
-0.1880400974167417
1.0259925087868615
-0.283404893391688
-0.4896752154057299
-0.7297344957456371
0.8974825674250674
-0.571394013928128
-0.8631563550167024
0.4335973313653372
0.3123792190216393
0.3022625533506927
-0.1086662373597148
-0.324020031545967
-0.4119229447606163
-0.2928392519583846
-0.3216076558778322
-0.4716880369780297
-1.3299927813065593
-0.1274726312029769
-0.1553562680782231
-0.5411591738710749
-0.9361487824436764
-0.8977023457934011
0.0324100580046877
-0.1361784325402485
-0.1931993104856433
-0.4772333086101948
-1.2417438178605738
-0.8659065587505259
-0.15049524304111
0.6438036647100038
-0.4555943038397401
0.0297241011086519
-0.1657749661008286
0.3412552814767901
0.0207154710575176
-1.1038944182734225
0.900681833640417
-1.3565644477752068
-0.3699972352535384
0.0161469885324843
-1.6726034753686028
-0.6289118649721016
-0.442072977822823
-0.8542877092224348
0.167878781386442
0.2799251794678721
0.0262071241141424
0.6780043598169364
0.6678576399140961
0.036104682448683
0.1361678182823601
-0.4048945483752154
-0.280950514221349
-0.7621856174385228
-0.7457463919801647
0.29540270329887
-0.3952726390453725
-0.0142767076217295
-0.4196498231863524
0.4514672349450436
0.0780526416228936
0.5218847630026694
-0.0763463332604117
-0.3858856291009268
-0.3043982466845063
-1.3386175392065438
-0.6517206630089055
-0.9668846301060868
-0.774580677026471
-0.7199475220451254
0.9571990774889424
-0.8960816170133364
-1.2008199823691108
-0.8226637917480462
-0.4437782317779679
-0.3159510904722266
-0.5615354473776214
-0.1444361956516293
-0.3707413846488118
-0.0199977472872171
-0.546849292296412
-0.6571244029995781
-1.0641417943061668
-0.6927369416904862
-0.4245594438578734
-0.2385234224699437
0.4507879101782086
-0.2727244610730511
-0.5579774612236365
-0.5327593596781228
0.1782181718148916
0.9650045606019088
-1.044533049233618
-1.0315121927922688
-1.226218206420119
-0.4200002457338782
-0.073714225430948
0.2705448162620359
-0.8590135345044441
-0.746621616138904
-0.4247311222430983
0.1530968046303045
-0.5450853725123541
-0.114697918901137
-1.129433820421914
-0.0908990594078994
-0.8811873167369615
-1.0811117574694131
0.0041277442385738
0.3242307688975095
-0.278572108196972
-0.4329280288624786
-0.1186750769918669
-1.0447562991928407
0.4603763208927171
-0.6282918179580665
-0.9699088286944676
-0.416205038778149
-0.3147089148589949
0.2016204889675074
0.2572669854970674
0.0492256155192646
-0.8747883838667009
-1.033363707567291
-0.1606149122751687
-0.2688806052111021
0.007313404614196
-0.5057779384076525
-0.6199633435732006
-1.4210396324257766
0.4861940518787701
-0.0601532336606517
-0.3289850121597623
0.5250208691106925
-0.0457135044264897
-0.4817170739562988
0.1406286955711984
-1.1280053949398574
-0.0746256584618052
-0.7019337562190786
0.0064174995919518
-0.3135007300021382
-0.5551601485397127
-0.5677468430867106
-1.0257175292095595
0.4956812497899087
-0.1916590856635151
-0.2536919148324861
-1.2004954137801878
0.4540093960742534
-1.2231274685109346
-0.5947947938783932
-0.24614061127506
-0.4839445202105203
-1.0129197305908797
-0.4410800461924695
-0.7598491310419485
-0.9238471919042316
-0.1181845752482547
-0.5452172905943587
-0.2714320401459812
-0.5888025630550101
-0.3921069743784994
-1.2076579700527394
-0.2058932722222305
-0.1911122333288689
-0.99829208669536
-0.540585595104323
0.391185675620173
-0.6950184552463072
-0.9062415066377922
-0.1202131585807246
-0.0601632452292698
0.0061317116719681
0.5914138787875537
0.4804245529331764
-0.0347421413107703
-0.0719099097076511
-1.0871480895277994
0.6368081305790562
-0.4801501516717187
-0.018112339275835
-0.1087764979259664
-0.1620633523378705
0.305849322747611
-0.8294273085794627
-0.5145561538440091
-0.3320107279048093
0.2204911607478603
0.6899299685118286
0.9786582389800992
-0.3654574002890116
-0.1115001788481127
-0.651900653530832
0.2625729002698582
0.4080417705136149
-0.3908349226921745
-0.8471386179772922
-0.0381915481039156
0.2862974431185017
0.020430466866695
-0.8575166551908973
-1.1066782484371334
-0.9768177447453756
-0.3538624904737982
-0.2136519759839059
-0.2190431449093388
-0.5552350634868795
-0.5615834627147868
0.0579097332447674
-0.9857384999558804
-1.1451469252985893
-0.549064471374141
-0.7094283778705014
0.2777523748208297
-1.5886154479026255
0.4768034289598548
-0.968857592078064
0.0356962659401269
0.6025434819261954
-0.8138517950972453
0.5463283896355421
0.1330601204873405
1.2674750595257995
-0.1848609078429782
0.271792136093134
-0.729835400477548
-0.8518802740900766
-0.466265331969797
-0.1470751176235948
0.1520789251028259
-1.4066118386674882
-1.0725104611687988
-1.128374918141927
0.0950681147144162
-0.7256703175824442
-1.5864929615094736
0.3049420826200358
-0.2494253907597264
0.1158865903829194
-0.4469497342024245
-0.561247336350596
0.0445230515204713
0.225876599447603
0.0175229704207895
-0.3179533976333377
0.180827136127912
-0.8089884445743221
-0.2874584160050357
-0.7463504530715404
0.716619364619782
-0.2147391083233736
-0.2523218792703011
-0.9820554386024768
-0.0847836623437596
-0.1462970266918891
-0.3329132115581285
0.027002287480819
-1.8819146082663367
-1.3807264903837937
-0.1160351747163314
-0.0701882682580354
-0.9754694321446572
2.8439796719676336
0.7594190378534549
-0.3932224729277617
0.1734100458013555
-0.4673621097079665
1.599001193811971
-1.2520838604914453
-0.7151849411452095
0.1757741335945048
2.1468009113619626
-0.375173455382346
-0.2779572408146084
-0.0797037239362803
-1.0432802352323995
-0.8294757710642312
-0.6499061912774736
-0.8134011803454496
-1.064228737513566
-0.7234993199378313
0.0178118661361381
0.5910331623648447
-1.2242742052718956
-0.6659631915281897
0.1378736276875265
-0.2082359953078099
-1.3233105197053754
-0.6897574746983204
-0.5952803398582486
-0.5522023836896146
0.3399429673724684
-0.0719320620615942
0.1891374277123957
0.4242151598989971
-1.3818708069250067
-0.152341260674172
-0.2783810457799078
-1.193202558119261
-0.9978135413316668
-0.2774660948893035
0.6245714456419209
-0.782158585504752
-0.0063273635364012
0.2704140369159177
-0.8580155803537171
-0.3365600995976952
-0.4440362694348052
-0.1951629657056803
-1.0755145066033365
0.4466549961644228
-0.5463577354638844
-0.3909364616312132
0.7206962936133123
0.5617786052713547
-0.9940194127860476
-0.6557848323163057
-0.0892475803165108
-0.7685813275585928
-0.0318561623663378
0.4834289224883101
-0.0381265918887051
-0.339569252659601
-0.0445905619556732
-0.3489176189723009
-1.0589567669557238
-0.7894283460122861
-0.7818765885246038
0.0554378574036232
-0.6876217101894596
-0.659479548854765
-1.4951426029643935
-0.6797161215687932
0.0749966750722807
-0.1767869344644546
-0.4932514994208549
-0.1065956287344725
-0.8208020808549602
0.2422674112685898
-1.30922695725175
-0.1828775676945969
-0.866963395202599
-0.1372164741367086
0.7310642456386005
-0.8701170486219109
0.099472122721691
0.0062749154172935
-1.233396748869
-1.3177476878699943
-0.7328231844112363
0.5157094611043136
0.1614282722109144
0.186877962476197
-0.9543612441345352
1.7406589280743527
0.9940440917508032
0.1709864393960342
-0.2876920918585888
-0.0569531721745635
-0.4019585081695137
-1.3991498130665636
0.4362898467877298
-1.9538776843381025
-1.0950894230101629
-1.4644932669801476
