0.000335559
2.60771e-05
5.05837e-05
0.000702956
0.00094762
0.000500324
0.000243935
0.000767106
6.16921e-05
0.000516753
0.000238445
0.00045568
-0.000357956
0.000772635
-0.000174722
-9.74164e-05
0.000212959
-0.000297848
0.000158128
0.000390651
0.000139267
-0.000278214
4.52e-05
0.000166321
0.000206092
0.000389997
0.000504181
0.000502941
0.000144053
0.000440789
0.000771258
0.000433756
-0.000356801
-0.000174159
0.000884006
-0.000501418
0.000134061
0.000464778
0.000224573
-3.55391e-05
0.000252793
-0.00011094
0.000381375
0.00102162
0.000265757
0.000361552
0.000377967
4.43974e-05
0.000546355
-3.39948e-05
-0.000177306
0.000143641
0.000543762
0.000268694
0.000382574
0.000516039
-0.000271235
0.000793574
0.000641288
4.51537e-07
0.000186111
0.000263587
0.000657428
-0.000187896
0.000459089
0.000126317
0.000290162
0.000152814
-9.18262e-06
0.00046365
0.000252055
0.000745871
0.00115151
-8.99009e-05
0.000239691
0.000319204
0.000199646
5.29958e-05
-0.000185239
0.000459183
0.000842947
0.000474441
0.000451274
-0.000177717
9.06605e-07
-0.000222716
0.000127459
2.02651e-05
0.000640534
-3.91019e-05
0.000258843
0.000382545
0.000681234
4.10975e-05
0.000472168
0.000340724
4.14605e-05
0.000419826
0.000354876
-0.000104715
0.000257692
0.000563438
0.00063529
9.99327e-05
0.000307639
7.27847e-05
0.000487748
0.000339967
0.000385858
0.000437493
0.000549524
0.000533092
9.21583e-05
0.000927727
0.00081724
0.000477024
0.000541441
0.000291196
0.000329125
0.000873478
-0.000411492
0.000252675
0.000453128
0.00039767
0.000256934
-0.000595619
0.000127544
-0.00021505
0.000429863
0.000410339
2.27932e-05
0.000246211
-2.74652e-05
0.000175702
0.000172766
-0.000116935
-0.000163575
0.000264982
0.000119137
0.000334664
0.000246998
0.000282585
1.81864e-05
0.000286884
0.000234462
0.000441129
3.21497e-05
0.000490217
-4.26983e-06
0.000614851
0.000273623
0.00029343
0.000176384
-0.000221774
6.59652e-05
0.000658832
-0.000375817
0.000339267
0.000424856
0.000268297
8.65028e-05
-7.23128e-05
1.45261e-05
0.000275769
-0.000108892
0.0003149
0.000220887
-0.000182667
0.000117099
0.000843009
1.89798e-05
7.42728e-06
7.37497e-05
0.00048399
8.87541e-05
-2.28952e-05
0.000355758
-7.23396e-05
0.000834544
0.00065862
4.55762e-05
0.000220072
0.000116504
0.00019797
0.000608698
-0.000146347
6.55972e-05
0.00042882
0.000392318
0.000318754
0.000554506
0.000246689
0.000381819
0.00034183
0.000391355
0.000634525
0.000776168
-0.000511281
0.000759358
7.98897e-05
0.000214893
0.000887176
0.000488152
0.000269828
-4.61649e-05
-0.000289162
0.000229119
0.000343898
0.000739658
-2.149e-05
0.000441936
-8.39838e-06
-4.37932e-05
4.59742e-05
0.000372131
0.000618964
0.000248054
0.000307279
-7.03324e-05
0.000533601
-3.19487e-05
0.000243305
0.0001625
0.000223601
0.000595722
0.000585474
-3.24727e-05
0.000969142
-6.01051e-05
0.000110465
0.000208508
-0.000124115
-9.97065e-05
0.000991669
0.000719243
0.000217991
0.00058943
9.78884e-05
0.000896621
0.000562593
0.000513889
-0.000535334
0.000544548
-0.000274206
0.000664203
-0.00010999
0.000540985
-0.000429807
-9.88773e-05
0.000259935
0.000149141
0.000457462
0.000277096
0.000153457
0.000478171
0.000588555
0.000301415
0.000434227
-0.000422199
0.00109163
-0.000323263
0.000594871
0.00026067
0.000222502
0.00011004
6.2873e-05
0.00029832
0.000371268
-0.000136958
0.000483641
0.000492773
0.000587696
0.000521232
-0.000314048
-0.000401152
0.00017651
0.000231165
0.000765668
0.000476223
-0.000256942
-8.71651e-05
-5.3091e-06
0.000529994
-0.000166901
0.000323851
0.000530682
0.000558037
0.000214931
0.000398202
1.12061e-05
0.000668882
0.000597862
0.000798119
0.000333463
-9.96042e-05
0.000902145
0.000191813
6.28786e-05
0.000282079
0.000114336
0.00077069
7.12195e-05
0.000297745
-0.000152719
-0.000200057
0.000493624
0.000173494
-0.000335824
-0.000159362
-0.000127599
-1.3141e-05
0.000270461
0.000162308
0.000248021
0.000743722
4.97613e-05
-0.000200561
0.000280938
0.000418572
0.000136849
4.85721e-05
0.000511813
-1.89752e-05
-2.21029e-05
8.08459e-05
0.00034586
0.000407246
0.000273135
0.000626577
-0.000164193
-0.000517106
-6.47318e-05
0.000338899
0.00033057
0.000172093
0.000518165
0.000400955
1.023e-06
-0.000209737
0.000291521
-8.74948e-05
0.000347941
0.0003234
0.000872749
0.000858316
0.000484174
-0.000287098
-0.000387017
0.000499209
0.00076866
0.000606579
0.000341767
0.000761431
0.000867933
0.000675704
0.000413618
0.000356642
0.000137998
0.000447467
0.000205738
0.000501743
-0.000415784
0.00053746
0.00012556
0.000334421
-0.000230733
0.000728038
1.56376e-05
-0.000449969
7.22952e-05
0.000260486
-0.000229406
-0.000354539
-9.07201e-06
-0.00033343
0.000698554
0.000235704
0.000369826
0.000451307
0.000147064
0.000186196
-7.72025e-05
0.000478966
0.000347931
0.000746496
0.000214314
0.000459996
-8.58879e-06
0.000811664
0.000468361
-0.000113042
0.000778788
0.000205548
0.00044752
0.000295547
0.00027469
0.000306021
0.00032328
0.000271762
0.000310227
0.000149953
0.000198909
0.000514506
0.000560112
0.000256895
-0.000150096
0.000732644
-0.00051155
0.000211935
-0.000139888
0.000433568
-0.000119686
0.000562936
0.000172681
0.000259532
0.000242541
0.000562812
5.14374e-05
-7.8528e-05
0.000582894
0.000260163
-1.44335e-07
0.000142514
-8.49239e-05
0.00037412
0.000538591
0.000626196
0.000311456
0.000392337
0.000751539
0.000376445
0.00024594
0.00020922
0.000227787
0.000263421
8.28028e-05
0.00028123
2.6518e-05
0.000605306
0.000786214
0.000280373
6.40736e-05
0.000275601
0.000448695
0.0001499
0.000408147
0.000551728
0.000252739
-0.000132712
0.000631636
0.00074005
-8.34253e-05
-8.38909e-05
0.000429442
0.00018127
0.000365719
0.000308301
-0.000224541
0.000482076
0.00043166
5.1046e-05
7.93161e-05
0.000416716
-0.000299212
0.00025235
0.000789879
0.00101836
-0.000115208
9.92426e-06
-0.000359602
0.000231599
-0.000246445
6.02705e-06
0.000272901
0.000196355
0.000728522
0.000612004
0.000143083
0.000555557
1.52558e-05
0.000706121
5.90596e-05
-0.000197728
0.000286539
0.000197835
4.62213e-05
0.000462616
7.30087e-05
0.000480825
0.000281711
0.000146011
0.00058993
-1.35899e-05
0.000250951
-0.00013496
-0.000227524
0.000436329
0.00059302
0.00048633
0.000660571
-4.55864e-06
0.000188003
-0.00012045
0.000614588
0.000282698
-1.84492e-05
0.000335916
0.000486423
-7.12447e-05
0.000493102
-4.0966e-05
0.000369558
0.000177982
0.000232376
0.000132325
-0.000536758
5.0133e-05
9.27232e-05
0.000156129
0.000278822
0.00118483
-8.18369e-05
0.000557984
0.000801413
0.00074741
0.000194514
-0.000130115
0.000941727
0.000498161
0.000146716
0.000844386
0.000519229
1.28715e-06
0.000396564
0.000511795
-9.78287e-05
-0.000274105
-7.51847e-05
6.64754e-05
-7.52116e-05
5.38297e-05
-7.07863e-05
0.000287199
-9.26559e-05
0.000356535
0.000303913
2.39712e-05
0.000371255
0.000148936
0.000334879
0.00022366
0.000373803
-0.000101704
0.000109334
0.000175452
-0.00027107
0.000217149
0.000417724
0.000121211
-0.000234151
-1.7015e-05
-0.00018215
0.000742724
0.000225144
0.00019876
0.000590719
0.00071706
0.000136164
0.000412667
0.00046143
0.000917591
-0.000204777
0.000628408
0.000505867
6.21838e-05
-0.00014599
0.000547477
0.000567827
-0.000129236
0.000360956
0.000350242
1.16858e-05
0.000294028
0.000482964
0.000342583
0.00026128
0.000444186
0.000324874
0.000196215
0.00042485
0.000527338
0.000381135
0.000236024
0.000321875
5.92274e-05
0.000225067
1.12128e-05
0.000521821
0.000410109
-9.14854e-05
0.000220702
0.000231694
0.000389289
0.000293746
0.000310907
0.000211192
0.000430527
0.000471737
6.99264e-05
0.00032491
-1.65426e-05
0.000130703
0.000282908
0.000436839
0.000380751
0.000416603
0.000313674
0.00058465
0.000824867
0.000523349
-6.78633e-05
0.000646423
-0.000267504
-2.77429e-05
-0.000177416
-0.000162957
0.000565714
-0.000188513
-7.85401e-05
0.000104853
0.000565861
0.000541277
3.24533e-05
-3.54661e-05
0.000676526
0.000219885
0.000293245
0.000482075
0.000207263
-5.73389e-05
-6.73709e-05
0.000398184
-4.19091e-07
9.14454e-06
0.000395499
0.000295013
0.000245395
0.000631397
0.000390285
0.000390696
0.000288802
0.000582088
0.000463333
-0.000184112
0.000383603
0.000414506
-8.57032e-05
0.000712501
-0.000351928
6.58553e-06
-0.000313022
-0.000155448
-0.000560792
0.000123481
0.000376172
0.000574518
0.000308688
0.000251356
0.000130974
0.000371129
-0.0005983
0.000433709
-0.000102704
8.54357e-05
0.000919762
-0.000235583
0.000152028
-1.68175e-05
0.000553734
0.000513237
0.000417829
0.00062078
0.000381422
0.00063842
0.000604942
0.00016903
0.000341509
0.000668925
0.000370391
-5.57904e-06
0.00053437
0.000118647
0.00107579
0.000495264
0.000196603
0.000762367
0.000565945
0.000560086
0.000382104
0.000286054
0.000486831
0.000841935
-0.000490064
0.000408837
-2.49105e-05
0.000321634
3.30176e-05
0.00112096
0.000498678
0.000190712
0.000380944
0.000646942
-0.000381417
-0.000159425
0.000254433
0.000369412
0.000184323
0.000155606
6.96747e-05
0.000285886
1.66181e-05
-5.78043e-05
0.000688796
6.58495e-05
0.00017028
0.000532788
-0.000293167
-4.89199e-05
0.000630889
0.000660802
2.42963e-05
0.000141834
0.000821008
0.000428924
-0.000437649
0.000481646
0.000420995
-0.000448878
0.000676423
-0.000496446
0.00070853
0.000376089
-0.00012578
0.000469732
0.00074074
-7.45352e-05
0.000305207
0.000267393
-0.000451774
-0.00065996
5.25874e-05
0.000416839
0.000289076
0.000196346
0.000297175
0.000311712
0.000151018
0.000120214
0.000439593
0.000918871
-4.56367e-06
-0.000370885
-7.63679e-05
7.85652e-05
0.000738292
0.000536882
0.000133245
-0.000317414
0.000394046
0.000569288
0.000380852
0.000529951
0.000166548
7.49099e-05
2.62255e-05
-0.000217678
0.00057225
0.000214778
0.000283057
0.00046555
0.00079424
0.000361735
0.00053016
0.000173151
0.000278459
0.000201826
0.000471931
5.26997e-05
0.000621957
0.000118483
0.000280823
7.35259e-05
0.000200081
1.81573e-05
0.000195155
0.000526684
0.000165152
-0.00016537
0.000503894
0.000139249
0.000175086
0.000259788
0.000346927
-5.08557e-05
0.000577013
0.000366457
0.000718668
0.000700998
0.000437897
-1.72957e-05
0.000157343
0.000169014
0.00037499
-0.000469831
-0.000251552
0.000228759
0.00024429
0.00036603
0.000337103
0.000483723
0.000127966
0.000129281
0.000203403
-8.49262e-05
0.000269387
0.000569561
0.000104251
3.07377e-05
0.000125324
0.000158227
7.29098e-05
0.000692306
0.000414378
0.000327922
0.000622178
0.000903091
-1.70308e-05
1.36746e-05
0.000574916
0.000357113
0.00105033
0.000190733
0.000118391
0.000540873
0.000607478
9.93802e-05
0.000572212
0.000555536
0.000343192
0.000703154
-7.44114e-06
0.000719382
-0.000587186
0.000552105
-3.00227e-06
-0.000192248
-0.000153837
0.000280119
0.000201512
0.000259956
-0.000166583
0.000331925
0.000473567
0.000215172
0.000147981
0.000425552
0.000634134
0.000657554
0.000705697
0.00028355
0.000222369
0.000261511
-0.000135702
-3.21523e-05
0.00066985
0.000408932
0.00024934
0.000221541
0.000650458
0.000675536
0.000264977
-1.82808e-05
0.000287968
0.000121863
0.000514388
0.00024575
0.000182966
8.43156e-05
-0.000295607
0.000251321
9.22916e-05
0.000474806
0.000101863
0.000398756
0.000434418
-0.000141736
0.000382228
0.000700961
2.19374e-05
-2.07926e-05
0.000334794
0.000386007
0.000239788
0.000655778
0.000233025
9.35898e-05
0.00047552
0.000134885
0.000377443
0.000619049
-6.18839e-05
-1.06103e-05
0.000399239
-0.000267998
-0.000506435
0.000163095
0.000592616
-0.000354178
0.000416603
-0.000100303
0.000324273
0.000163786
0.000405571
-5.31672e-05
0.000236606
-0.000498404
0.000491389
0.000179904
0.000163221
0.000555858
-2.64029e-05
0.000444585
0.000351071
0.000405344
-0.000209557
0.000583754
-0.000619073
0.000830308
0.000874073
0.00042409
0.00025525
5.42444e-05
0.000402731
0.00017709
0.000170746
0.000654504
0.000194389
0.00022858
-1.75949e-05
0.000902012
8.6857e-06
-3.75747e-06
0.000300056
0.000509667
0.00041542
0.000144506
0.000747367
0.000210823
-4.09614e-05
0.000268827
0.000340231
0.000566052
0.000717973
0.000780877
7.34575e-05
0.000488194
-0.000184493
9.67829e-06
0.000536361
0.000860972
0.000387755
0.000511645
0.00042255
0.000626073
0.000387265
0.000470904
0.000504927
0.000744623
-0.000329801
-0.000215895
-1.48153e-05
0.000183523
0.000478311
0.000319226
0.000910017
0.000411283
0.000278695
5.83793e-05
0.000205173
0.000607833
0.000262455
0.000203708
0.000427258
0.000478274
0.00072149
0.000168833
-0.000125963
-1.46457e-05
0.000337857
0.000235337
0.000351469
0.000472
-0.000399252
0.000475086
0.000472516
-3.16924e-05
3.35407e-05
-4.67976e-05
1.99833e-05
0.000173432
0.00106701
0.000710411
0.000461497
0.000389718
0.000528371
0.000395641
-9.34155e-05
0.000507863
0.000504325
0.000207703
0.000468893
-0.000335273
-0.000464166
0.000252217
0.000140074
0.00013251
0.000220823
-0.000116223
0.000529794
5.70542e-05
0.000207631
0.000153266
0.000316112
4.0605e-06
0.000237415
0.000268716
0.000465485
0.000586538
0.000826889
0.000597265
0.000114758
0.000521548
0.000203818
-7.70216e-05
0.000232565
0.000328671
0.00019704
0.000718054
0.000514519
0.000917964
-0.000494605
0.000610454
0.00032863
0.000610071
0.000738305
0.000117759
-0.000361355
0.000189953
0.000343519
0.000791839
0.000209177
0.000243495
0.000461765
3.17468e-06
4.30187e-05
0.000420629
-0.000261298
0.000845235
6.2431e-05
6.82094e-05
-1.97513e-05
0.000500273
0.000281864
0.000471885
0.000236577
0.000566319
5.87759e-05
0.000161919
-0.000145402
0.000297041
-0.000332202
0.000233036
0.000330723
0.000161006
-0.000337732
0.000169798
0.00063015
0.0002668
0.00058916
8.90829e-05
0.000253438
0.000579105
9.03349e-06
0.000498355
0.000176791
0.000273974
-0.000369631
0.0010061
0.000934833
9.0143e-05
0.000441816
0.000307446
0.000347035
0.000473494
2.29654e-05
0.000330866
0.00022666
1.94665e-05
0.000447374
0.000594584
0.00031074
0.000228124
-0.000144175
0.000263345
-0.000276021
0.000175835
0.000251734
-0.000112775
8.18531e-07
0.000428283
0.00106695
0.000158126
0.000252993
-0.00017166
0.000165204
0.000547083
0.00012927
0.000529284
0.000128094
0.000211267
0.000123562
0.000125545
0.000191986
6.72401e-05
-0.000122478
0.00028796
-0.00012101
0.000367343
0.00048341
0.000320915
0.000644954
0.000165807
0.000183005
0.000453749
0.000588585
0.000667721
0.000372477
-0.000166959
-0.00046823
0.000501581
0.000150717
0.000789495
0.000383095
-3.56579e-05
-1.76613e-05
-5.67669e-05
0.000734923
0.000472754
7.094e-05
1.16536e-05
0.000364964
0.000438356
0.000376
0.000472078
0.000578123
4.19148e-05
0.000652046
0.000389722
0.000279337
0.000167736
-0.000223003
0.000155808
0.000401566
-0.000100911
0.000302299
-0.000184878
0.000241692
1.18794e-05
0.000111715
9.45598e-05
0.000495284
0.000413852
0.000858098
0.000498115
0.000449286
0.000444462
0.000498651
0.000643847
-0.00040228
0.000604354
-1.17368e-06
0.000463837
0.00044833
-0.000198202
-4.94689e-05
0.000445785
-3.7666e-05
0.000667787
0.00052561
0.0010267
0.000289406
0.000309144
0.000691547
0.000473481
0.000601197
0.000623193
0.00044053
0.000450235
0.000435682
-0.000284538
0.000488519
0.000483751
0.000174078
0.000197082
0.000696858
-6.38915e-06
0.000520662
0.000354556
0.000423593
0.000624027
0.000466519
0.000703746
0.000283218
0.000329015
3.85905e-05
-3.0608e-06
0.000319101
6.21981e-05
0.000672605
2.34185e-05
0.000668262
0.000233913
-5.79103e-05
0.00034099
0.000375274
-0.000194063
2.22389e-05
0.000275018
0.000182585
-0.000206722
0.000463688
-0.000305145
0.000201278
0.000418413
1.55499e-05
0.000734775
-0.000396716
-0.000140849
0.000466864
-0.00011586
0.00011657
-3.65651e-05
0.000142627
0.000128784
0.000251871
0.00061327
6.20954e-05
-7.77929e-05
0.00103828
-0.000300482
0.00057764
-0.000139806
-0.000162775
0.000642152
6.33674e-05
0.000674858
0.000155774
0.000880781
2.16792e-05
0.000835949
0.000313605
0.000894391
0.000172527
2.63677e-05
0.000657185
0.000498695
-4.94305e-05
0.000288893
0.000314262
0.000458154
0.000739409
0.000886956
0.000186209
0.000412142
-0.000172512
-1.12749e-05
0.000345969
0.000710441
0.000209534
0.000216157
0.000598316
0.000500711
1.78743e-05
-4.56057e-06
0.000568622
0.000161153
0.000114279
0.000370389
0.000493064
0.000550298
0.000445051
0.000617234
0.000447986
-0.000141343
-2.65158e-05
0.000277162
0.000547655
0.000306251
0.000155416
0.000559354
0.000356083
-5.39401e-05
0.000546021
0.00023929
-1.748e-05
0.000544009
0.000930926
0.00076122
0.000824514
0.000308375
0.000264933
0.000102043
0.000518205
-0.000145475
0.000730557
0.000361416
-1.76225e-05
0.000146932
0.000245287
0.000474266
6.46458e-05
0.000220874
-0.000220481
-6.35532e-05
-0.000350532
0.000389607
0.000550887
3.01982e-05
0.000114092
-6.25064e-05
0.000559977
0.00029186
-5.84766e-05
0.000793215
-2.09437e-05
-7.19441e-05
-6.64952e-05
-5.68688e-06
0.000226248
0.000500347
0.000440106
0.000778621
-4.2756e-05
0.000213928
0.000212213
0.000324096
0.000260553
0.000539821
-0.000690717
0.000379706
0.000240968
0.000493077
-8.59679e-05
0.00020175
0.000432725
0.000495978
-0.000298309
0.000264592
0.000210018
0.000126394
0.000373382
0.000592061
0.000331983
9.36756e-05
-7.02346e-05
0.000423077
0.000601682
0.000531682
0.000283425
0.000294667
-0.000326879
0.000276511
-6.31066e-05
3.94259e-05
3.60258e-05
0.00057989
0.000277164
0.000460435
6.55096e-05
-0.000240951
0.000401637
0.000570857
0.000343878
0.000856339
0.000131343
4.32119e-05
0.000112459
4.91244e-06
1.27405e-05
-0.000258734
-0.000137867
0.000235211
5.64158e-05
-9.91687e-05
-8.12394e-05
0.000336424
0.000547329
0.0007352
0.000497625
0.000381421
-0.000401752
0.000309407
0.00101188
-0.000698202
0.000315388
0.000973431
0.000857839
0.000419339
-0.000104127
0.000692817
0.000147812
-0.000158838
-1.20171e-05
0.000284689
0.00075206
0.000570368
0.000462302
0.000151914
0.000620424
0.000456964
0.000829093
0.000318876
0.000536534
0.000788768
0.000244789
0.000158368
0.000206862
0.000437218
0.000257617
0.000710404
0.000475673
0.00052712
3.65217e-05
8.651e-05
0.00096865
0.000465409
8.8368e-05
7.10729e-05
-0.000241551
0.000835462
0.000208207
0.000793936
-6.69156e-05
6.69418e-05
4.69561e-05
-0.000248662
0.000204195
0.000310926
0.000397015
0.00058616
0.000515792
0.000659033
-1.53347e-05
4.53041e-05
0.000170455
0.000500088
0.000388401
0.000355505
4.96972e-05
3.84186e-06
-0.000173319
0.000199372
0.000660957
0.000465687
5.17411e-05
0.000410838
0.000622716
0.000226628
0.000379264
0.000354266
0.00013418
-2.72177e-05
0.000183433
0.000496178
0.000527366
0.00105451
8.01413e-05
0.000565726
7.20284e-06
0.000529236
0.000226502
0.000443262
0.000401596
-0.000156171
0.000151529
0.000226365
4.22293e-05
0.000550382
0.000564535
0.000650051
-9.34206e-05
0.000504779
0.00053612
0.000245945
0.000259936
0.000457261
0.0003056
-0.000140808
9.60745e-05
0.000125922
0.000349937
0.000346932
0.000575847
0.000191299
0.000248859
9.42785e-05
0.000215738
0.000437893
0.000416969
0.000199883
0.000552581
0.000367563
-0.000108762
0.000233531
8.52135e-05
7.36959e-05
0.000191668
-0.000110565
0.000613528
9.6901e-06
0.000191111
-0.000223518
0.000523228
0.000340126
5.9352e-05
0.000359878
-7.27993e-05
-2.96009e-05
4.93492e-07
0.000492706
0.000133222
0.000585752
-0.000491952
0.000618286
0.00073144
-0.000177152
0.000504853
0.000135916
-6.12148e-05
0.000413634
0.000140608
0.000919411
0.000728922
-0.000133581
0.000484098
0.000739503
0.000242457
-1.8409e-05
7.48912e-05
3.15517e-05
0.000118506
0.000352018
0.000568793
0.000912522
0.000221605
5.15322e-05
0.000118419
0.000539454
0.000862747
0.000143694
-0.000190722
-0.000195421
0.000280597
-4.16512e-05
0.000245706
8.10102e-05
0.000255802
0.000938187
8.11658e-05
-0.000270134
-0.000265174
-2.36221e-06
7.48908e-07
0.000418299
2.7122e-05
-5.91592e-05
0.000160481
-0.000174084
0.000701842
0.00108347
0.000524783
-2.84701e-05
0.00070575
0.000412949
0.000209228
0.000452196
0.000475329
0.000607906
0.000363261
0.000371061
0.00011718
0.00015861
0.000524835
-0.000157287
0.00031619
-0.000141691
0.0004823
0.000575635
0.000118041
0.00021729
0.000188209
0.000220361
0.000208725
0.000282439
0.00075499
0.000531803
0.000360317
-0.000111597
0.000181123
0.000150716
7.33436e-05
-0.000578815
3.31119e-05
7.30332e-05
-5.31849e-05
0.000317617
0.000381705
-0.000371733
0.00018026
0.000513167
0.000259736
0.000682696
0.000387093
-6.81605e-05
0.000458541
7.51318e-05
-0.000325423
0.000152569
0.000277382
0.000302542
0.000542783
0.000620401
0.000836478
0.000726131
0.00059698
0.000595078
-9.19634e-05
0.000148204
0.00055518
-3.69423e-05
-0.000227339
0.000711975
0.000508994
0.000371463
0.000124475
0.000188847
0.000239806
0.000359976
0.000887206
0.000352334
-9.09963e-05
2.25346e-05
0.000164086
5.14984e-05
9.15527e-05
0.000420182
-6.48923e-06
0.000174029
0.000504641
0.000889899
-0.00047212
-5.4732e-05
-0.000212375
0.000539756
0.000271359
-0.000417543
-0.000232729
0.000572296
0.000312098
0.000257646
-0.000154823
1.73386e-05
0.000726084
8.79622e-05
0.000150607
0.000218326
0.000401361
-1.3156e-05
-8.95135e-06
-0.000220977
0.000198903
0.000289772
0.00049804
0.000110632
2.99804e-05
0.000222922
-0.000234814
0.00018683
0.000643972
0.000423805
0.000405374
-0.000212887
-0.000172876
0.000388882
0.000542051
-0.000155025
0.000197508
-0.000339131
0.000377792
0.000256845
0.000178339
0.00036961
0.000169144
0.000197194
0.000109349
-0.000187921
-0.000219883
9.08452e-05
0.000175186
0.000680234
0.000710987
0.000658757
-0.000332688
-9.65051e-05
0.000103946
0.000135358
0.000760466
0.000229244
0.000691228
-0.000450585
0.000460469
-0.000299176
0.000240794
0.000583007
0.000184551
0.000399437
0.000712022
0.000341019
-0.000100346
0.000246294
0.000372373
0.000656182
0.00044211
0.000624151
0.000420117
-2.66522e-05
0.000825007
0.000449233
0.000187784
-9.96647e-05
0.000347598
0.000588808
-0.000119654
-0.000204416
0.000396069
0.000113415
0.000324081
9.05347e-05
0.000602292
0.000248141
0.000277849
0.000427132
9.36077e-05
7.70464e-05
0.000416527
0.000261758
4.26454e-05
0.000287285
0.000232797
0.000139255
0.000166611
0.00106255
0.000313616
0.000563707
-0.000220414
6.30821e-05
-0.000186787
-4.43107e-07
-4.67684e-05
0.000234898
0.000774004
0.000621768
0.00037651
0.000737749
0.00046956
4.47015e-06
-0.000288048
0.000255499
0.000346634
0.000659025
0.000494567
-0.000125601
0.000179759
0.00016275
0.000195609
-0.000557037
0.000616574
-0.000220827
0.00012636
0.000424326
3.7735e-05
0.00010314
0.000838281
3.04378e-05
0.000665622
0.00036658
0.000892395
0.000207287
0.000362152
0.000763496
7.46227e-05
0.000706458
0.000483907
0.000248006
0.000305701
0.00018568
2.98345e-05
0.000231148
0.000231101
0.000421435
0.000538415
0.000273526
0.000207026
-0.000273315
0.000382729
0.000550458
0.000442863
0.000224907
0.00046317
0.000109338
8.09215e-05
0.00053212
8.19388e-05
0.000778406
0.000311479
0.000494632
0.000222743
0.000644129
0.000636985
0.000182712
0.000648141
0.000527814
-0.000539764
0.00016642
0.000653935
0.000185688
0.000114408
0.000234995
0.000310688
0.000356155
0.000313181
-0.00044124
0.000877254
-0.000138491
0.000781383
3.96507e-05
-2.81888e-05
0.000823515
0.000367749
0.000238565
0.00047093
0.000361334
0.000301032
0.000242347
3.17484e-05
0.000188529
0.000776801
0.000451555
0.000626933
-0.000480286
0.000553273
0.00111749
0.000186798
0.00060838
0.000569977
0.000392857
0.000569663
-2.26567e-05
0.000674038
-0.000271525
0.000659541
0.000194761
5.18732e-05
-2.09266e-05
0.000201171
-0.00041403
0.000307751
0.000314948
0.00038228
0.00015248
3.97917e-06
-0.000567466
-0.000123681
-6.01494e-05
7.696e-05
8.2932e-06
-0.000164622
0.000465098
0.000433513
0.000335621
7.83051e-05
0.00044939
0.000282563
-0.000109816
0.000437214
0.000234698
0.00021252
7.45957e-05
0.000214819
9.81404e-05
4.33343e-05
5.32649e-05
-0.00010112
0.000609838
0.000280804
5.41277e-05
0.000214128
0.000497195
0.000182717
0.000533965
0.000277489
0.00013003
0.00010918
-6.18686e-05
-0.000200163
7.99302e-05
0.000341606
0.000372652
6.4416e-05
0.000677302
0.000236869
0.000382664
-0.00016682
0.000134573
0.000159754
-0.000538529
-0.000240496
0.000431992
0.000505455
0.000187869
-0.000165451
0.000394292
0.000423884
0.000126903
0.000545111
0.000403906
0.000323715
0.00037097
0.00020982
0.000256574
0.000409243
-0.000152566
0.00113576
-0.00018481
0.000276578
0.000140163
8.49006e-05
0.000364819
7.41661e-05
0.000260811
0.000567165
-2.13723e-05
0.000702655
-9.40195e-05
0.00054125
0.000689688
0.000627908
0.000500921
0.000166021
-7.34201e-05
0.000146923
1.04617e-05
0.000163764
-0.000132799
0.000607008
0.000194503
1.56733e-05
0.000431757
-0.000220161
0.0001467
-4.77226e-05
0.000207218
6.48135e-05
0.00049471
8.12113e-05
0.000722689
0.000268941
0.000191144
0.000465842
-3.12352e-05
0.000558275
0.000113879
0.000675819
-1.1008e-05
-0.00018141
-5.41954e-05
0.000415896
0.000519228
0.000261404
0.000457432
-1.80951e-06
0.000686189
0.000391675
0.000102459
0.000877744
0.000236864
0.000219709
0.000276483
0.000583618
-0.000164123
1.08415e-05
0.000372714
4.75376e-05
-4.5988e-06
0.00052847
0.000455594
0.000122155
-0.000231172
0.000602456
0.000256556
0.00102122
0.000674747
-0.000318873
-0.000222438
0.000769778
-5.19187e-06
7.74483e-05
0.000273778
0.000227813
-0.000278664
0.000438965
-0.000256319
-0.00021813
-5.33985e-06
-6.35851e-06
0.000294912
-0.000355572
0.000651478
0.000242134
1.55135e-06
-0.00017692
0.000434878
-0.000188644
0.000436305
-0.000389424
-0.000373376
0.00017497
0.000801737
0.000850438
0.00050124
0.000458488
0.000317925
0.000509486
-0.000209254
0.00038288
2.31938e-05
0.000173452
-0.000299949
0.000589899
-8.90096e-05
1.53341e-05
0.000205448
0.000295743
0.000325111
2.8168e-05
0.000139825
0.000464829
0.000202735
-9.40611e-05
0.000964209
0.00046158
-9.42935e-05
0.000511127
0.000424637
0.000141374
0.00027983
0.00046303
0.000449607
-3.59268e-05
4.17183e-05
0.000228305
0.000105185
0.000333469
3.27646e-05
0.000321695
-0.000381046
0.000284513
0.000344192
7.12564e-05
-0.000136967
0.00107906
0.000139619
-0.000206674
0.000266594
0.000205022
0.00062803
0.000279505
-0.000577674
0.000725586
0.00032634
0.000462248
0.000182864
0.00021185
0.000662031
0.000284971
-0.000395915
0.000104702
1.66309e-05
0.000567961
0.000175514
0.000305712
0.000213827
-0.000485806
-0.000291855
0.00027836
0.00025234
6.48965e-06
6.52134e-05
-0.000131519
-0.000202017
0.000296527
0.000429149
0.000125335
4.54006e-05
0.000124416
0.000392163
0.000114452
0.000552893
0.000288621
0.000475011
0.000327572
0.000497648
0.000514851
0.000470492
-0.000152824
0.000577959
0.000594232
0.000131497
0.000963146
-0.000421073
-6.88473e-05
7.86768e-05
-0.000337254
0.000291826
0.000389718
3.16698e-06
0.000658972
9.5731e-05
0.000347944
-2.4476e-05
0.00011162
-0.000222443
-0.000686351
0.000189921
0.000416624
0.000218225
9.90153e-07
0.000605277
0.000582363
0.000217961
0.000194202
0.000710998
0.00012648
7.29506e-05
0.000646075
7.04364e-05
0.000150964
0.000149218
4.49164e-05
-0.000121158
-0.000183189
0.000217525
-4.01592e-05
0.000876462
0.000911412
8.37452e-05
0.000438409
5.87577e-05
0.000271511
0.000333911
0.000498146
4.80275e-05
-0.000242557
0.00080017
8.64457e-05
0.000337873
0.000334661
0.000820202
0.00020306
1.19624e-05
-0.000107872
0.000159616
0.000110896
0.00066239
0.000799828
0.000259477
0.00024105
0.000621055
-0.000595207
-2.78254e-05
8.34253e-05
0.00016428
0.00103777
0.000615962
0.00013825
0.000248932
-8.82293e-05
8.21436e-05
0.000676405
0.000824414
-6.82961e-05
1.59643e-06
0.0005635
0.000622133
0.000609275
0.000563802
0.000185567
-0.000332875
0.000356653
7.17835e-05
0.00063937
0.000169107
-0.000134358
0.000275724
9.64078e-05
-2.90856e-05
0.000153463
0.000641222
0.000140721
0.000291749
0.000545198
0.000527
0.00031554
0.000151994
0.000444946
0.000350526
0.000172715
-8.46857e-05
0.000732211
0.00028932
9.47989e-05
0.000620347
-0.00036446
7.21311e-05
0.000199352
0.000388581
0.000471664
-0.000335234
-1.6525e-05
0.000724752
-0.000525138
-3.13151e-05
0.000413923
0.000164606
0.000215795
0.000627571
0.000290448
0.000494187
0.000246804
0.000310327
-9.13048e-05
0.000295502
0.000485677
0.0005094
0.000845314
0.000674999
0.000638536
-0.000237246
0.000280257
0.000789429
0.000838405
-0.0001709
2.77605e-05
0.000518941
0.000676234
0.000433302
0.000171095
0.000613321
0.000420512
3.31951e-05
5.02634e-05
0.000626004
0.000445163
0.000360148
0.000511871
0.000529369
5.51355e-05
0.000224299
0.000467249
0.00103251
0.000146652
0.000295778
0.000672397
-0.000268204
0.000202178
0.000276908
0.00014848
-4.91621e-05
-4.80938e-05
0.000185965
0.000545817
0.000228788
-0.000152233
0.000234363
0.000281563
0.000391004
0.000369491
7.7878e-06
0.000603851
0.000259473
0.000247326
0.000947591
6.08134e-05
0.000524569
-0.000210774
0.00073222
0.000308839
-0.000521089
0.000535455
0.000186747
0.00039712
0.000331842
0.00024277
0.000283479
0.000708429
0.000214716
-0.000215006
-0.000164863
0.000183436
0.000574604
0.000665644
0.000648033
-2.80901e-05
0.000676338
6.79488e-05
0.000486904
0.000149178
0.00063659
0.000185422
0.000382211
0.000552539
0.000624359
0.000126344
0.000527912
0.000879289
0.000170356
0.000550599
0.000340673
0.000232853
8.20673e-05
0.00040898
-5.32243e-05
0.000485885
-7.90327e-05
0.000281458
0.000702766
0.000240044
0.000213255
0.000128211
-6.42171e-05
0.000337189
0.000122314
0.000431963
3.60592e-05
-0.000171877
0.000321404
0.000337306
0.000339525
0.000533289
0.000243925
1.98089e-06
0.000218452
6.94696e-05
0.000978777
-0.000295202
0.000508534
-8.80198e-05
-0.000370899
0.000209832
0.000240724
0.000501151
0.000390516
0.000897736
0.000196155
0.000483959
0.000541212
0.000180376
0.000416573
0.000110255
0.000124023
0.000190761
0.000534025
0.000372789
0.000580934
0.000153876
-0.000139986
0.000280884
0.000397171
0.000194314
-1.77019e-05
0.000368673
0.000138439
-6.88156e-05
0.000889897
4.58071e-05
0.000113236
-0.000213648
0.000888718
0.000544486
0.000327314
0.00106498
5.39291e-06
0.000334112
0.00061192
0.00032548
0.0006169
0.000123174
0.000218759
-0.000221357
0.000336816
0.000105392
0.000798795
-6.08663e-05
0.000394408
0.000298401
6.3725e-05
0.000792339
0.000169186
0.000224306
0.000458111
0.000821648
-9.87829e-05
1.94601e-05
0.000184794
0.000461325
-0.000361206
0.000690754
0.000732042
-0.000118236
0.000534629
0.00037834
-0.000112045
-0.000291176
0.00071704
3.80788e-05
0.000161813
0.000204015
0.00071683
0.000509738
0.000302104
0.000160087
-1.57731e-05
0.00054329
0.000408165
0.000303839
0.00026843
6.00134e-05
2.72481e-05
-1.21985e-05
0.000562523
0.000606257
0.000344536
0.000281734
0.000218247
-0.000106864
0.000265137
0.000508759
0.000335299
-8.5509e-05
0.000738221
0.000663198
0.000349041
0.000369398
0.000259064
-4.90838e-05
0.000441729
0.000521362
7.28271e-05
-0.000492556
0.000478421
0.00023006
0.000252378
0.000939253
0.000103907
0.000145189
-0.000122184
0.000299538
0.000435809
0.000549782
8.98873e-05
-0.000289906
-0.000156778
-7.39871e-05
0.000253562
-0.000283444
0.000216437
0.000272974
0.00068372
-9.95319e-05
0.000769876
-0.000221284
-5.9733e-05
0.000202248
0.000354324
0.00048429
0.000674619
6.63089e-05
0.000313356
0.000631457
0.000460158
0.000208324
-9.03692e-05
0.000294925
0.000508411
0.000277838
0.000320893
0.000346549
0.000307838
0.000284486
2.15923e-05
0.000560467
-0.000660685
0.000138812
0.000291005
0.000491408
0.00022887
0.000278429
0.000885882
0.000154616
8.17806e-05
0.000344194
0.000365549
8.14914e-05
-3.50205e-05
0.000263963
0.000629405
0.000216227
0.000244386
0.00115458
0.000189284
0.000431466
0.000659668
9.96236e-05
0.000300159
4.2071e-06
-3.65713e-05
0.000500525
-3.30499e-05
0.00046082
0.000666411
0.000483768
0.000383292
0.000311169
0.000210774
0.000497534
2.85618e-06
-0.000132077
0.000268517
0.000162802
-0.000319685
0.000481946
-0.000524847
0.000258801
0.000433259
-9.81243e-05
9.0783e-05
0.000609972
6.48815e-05
0.000387764
0.000511039
0.000269753
0.000968195
-8.00688e-05
0.000543763
0.000102419
0.000377583
0.000389155
0.000100042
-0.000301835
0.000128435
0.00012902
0.000584716
9.29338e-05
6.55945e-06
0.000351039
9.07238e-05
0.000285504
0.000397544
0.00055073
0.00034036
0.00016555
0.000589224
0.000321221
0.000248439
-0.000183951
0.000228153
8.57895e-05
0.000301329
-0.000215481
0.000112661
0.000616591
-3.41175e-05
0.000486468
0.000685687
0.000251073
0.000515831
-8.64276e-05
0.000190374
0.000137292
6.27678e-05
-6.84222e-05
0.000842969
0.00021187
0.000295255
0.000240221
2.71207e-05
0.000150845
-0.000115363
0.000296663
0.000539554
0.000304356
0.000359754
-3.50241e-05
0.00030291
0.000119137
8.05423e-05
0.000640576
-0.000166105
0.000732065
0.000391859
0.000178202
-0.000143255
0.000201735
-0.000363917
0.000213248
0.000123245
0.00063496
0.000181093
0.000297666
-9.21158e-05
0.000104185
0.00034616
0.000467645
-4.48426e-05
0.000682679
0.000232283
0.000317875
0.000485845
1.85584e-05
0.000546401
3.64357e-05
0.000237531
-5.52454e-05
0.000186654
0.000233312
0.000875443
0.000477427
0.000299998
0.000128406
-0.000168432
0.000187997
0.000254122
0.000543748
0.000197213
0.000529224
0.000359828
0.000901955
-1.77052e-05
-0.000178249
0.000240866
0.000876531
0.000218625
0.000479772
0.000666406
0.000586148
0.000721711
0.000386675
0.000284611
6.84174e-05
0.000222491
0.000568632
-5.16377e-05
-0.000297005
0.00033251
0.000532284
2.30382e-05
-0.000317367
5.07213e-05
0.000626326
0.000400565
0.000525891
-0.000178012
-3.3697e-05
0.000254012
0.000368402
0.00054258
-0.00017893
0.000485769
0.000312129
0.000576812
0.000535517
0.000330771
0.000563356
0.000161831
0.000374367
0.000271995
-0.000619558
-0.000153171
0.00023502
0.000491107
0.000435682
0.000690831
0.000643981
0.000673006
0.00060853
0.000320871
0.000689883
0.00012326
0.000603243
0.000250933
0.0003246
0.000386137
0.00039928
0.000587445
0.000255936
0.000525581
0.000522636
0.000685442
0.000296416
0.000324996
0.000308314
-0.000177169
0.000194754
-0.000174679
6.15317e-05
4.90793e-06
0.000584192
0.000130284
5.62638e-05
0.0004273
0.000285234
0.000464629
0.000188526
0.000283789
0.000259773
0.000410099
1.03327e-05
0.0002515
-0.000152757
0.00037211
6.45714e-05
0.000529053
0.000341095
0.000411485
0.000280673
0.000146194
0.000333286
0.000630858
-8.89478e-05
-1.22197e-06
-0.000434065
0.000531502
0.000609581
0.000253199
-0.000219642
0.000129978
8.54509e-05
0.000463664
0.00018245
-1.51186e-05
0.000105816
0.000351247
-6.27749e-05
5.48141e-05
0.000505721
0.000419993
0.000573371
0.000246016
0.000389588
-7.03417e-06
0.000657999
0.000194754
-0.000177657
0.000254847
0.000531035
0.000281065
0.000345517
0.000600864
-0.000270313
0.000322637
0.000170421
0.000558666
0.000621933
6.98491e-05
0.000130345
-8.00834e-05
0.000617
0.0005275
0.000481993
0.000331539
0.000446192
0.00060962
0.00045048
0.000231758
0.00059211
-0.000145445
0.000712859
-7.59481e-05
0.000447909
1.90655e-05
5.73419e-05
0.000451802
0.00030364
-1.21889e-05
-3.66653e-05
0.000928857
-0.000112012
0.000180645
0.000198707
1.66271e-06
0.000272115
0.000394652
-8.75243e-05
-0.000296728
0.00057845
4.56913e-05
0.000162961
7.30643e-05
0.000362959
-9.1393e-05
0.000292688
0.000389337
0.000165998
0.000348365
0.00051017
0.000129538
-3.20339e-05
0.000496173
0.000440092
0.000138342
0.00041154
0.000601755
0.000398728
0.000260798
-0.000138087
0.000643868
-4.68132e-05
0.000193131
0.000237558
0.000437582
0.00097192
0.000314976
0.000106511
0.000349931
0.000237823
0.000697039
0.000601253
-7.21594e-05
7.2107e-05
5.06308e-05
0.000497113
0.000594872
0.000399197
-6.93658e-05
0.000315902
0.000626396
0.000451503
0.000102335
4.83246e-05
0.00059627
0.000521487
0.000314189
0.000470013
0.000108495
5.32186e-05
0.000111397
-0.000241196
1.93914e-05
0.000333269
-9.25177e-05
0.000424475
-0.000180094
0.000697277
0.000214937
0.000203898
0.000199383
-9.14808e-05
0.000255119
4.04021e-05
0.000663206
0.000564654
-9.23432e-05
-0.000174456
-8.69224e-05
0.00034628
0.000261062
0.000534803
3.81614e-05
0.000147322
-2.556e-05
0.000278465
0.000262582
-0.000458635
0.000573139
8.14619e-05
0.000631677
5.04461e-05
0.000247944
0.0006478
0.000703357
0.000268599
0.000222999
0.00048379
-8.06649e-05
-0.000161607
0.000179696
0.00103661
0.000552215
0.000118524
0.000162593
0.000130871
0.000202314
0.000383686
0.000578975
-0.000457231
-6.44911e-05
0.000436208
0.000128203
3.13744e-05
0.00080764
0.000719477
3.3514e-05
0.000475849
0.000389733
0.000793886
4.30843e-05
0.000102837
0.000327709
0.000572964
0.000192438
-1.33468e-05
0.000480175
0.000294903
0.000186863
0.000313804
0.000295226
0.000114552
3.9629e-05
0.000401471
0.000709312
0.000149366
4.32247e-05
0.000495941
0.000738996
-0.000292872
-0.000134843
0.000144987
0.000154897
0.000856452
0.000358537
0.000497553
0.000668492
-0.000127442
8.67263e-05
0.000356418
-0.000199359
-6.18353e-05
0.00052433
0.000918345
0.000209938
0.000675914
0.000664367
0.000544014
0.000121739
0.000389534
0.000154333
0.0001861
0.000963094
0.000265878
-6.2784e-05
0.000196169
0.000431009
0.000120482
0.000586112
0.000390456
0.000393646
0.000147443
0.000539191
0.000682437
0.000321621
0.00033957
0.000607958
-0.000332032
3.0116e-05
7.01207e-05
0.000778504
-0.000378283
0.000179052
9.46563e-06
-3.32385e-05
0.000201737
-0.000124581
0.000416709
6.85291e-05
0.000195269
0.000430057
-9.94074e-05
0.000547823
0.000314521
0.000600829
0.000542217
-0.000228479
0.000546114
0.00057381
0.000108483
6.23283e-05
-1.09209e-05
0.000876795
-7.9747e-05
6.79125e-05
0.000383826
0.000889433
6.75983e-05
0.000436142
0.000293787
0.000241906
0.000201119
1.47981e-05
0.000542467
-0.000500534
-0.000324558
-0.000410037
