-9.10566856e-05
-0.000339948825
0.000155729183
0.000674203446
0.00120814162
0.000444858677
-0.000143896627
0.00108343658
0.000284721827
0.00100037853
0.000726635087
0.000640121541
-0.000227252032
0.000657657759
-0.000493345277
-0.000163011149
0.000121595383
-0.00036886789
0.000276489657
0.000345565537
3.44656199e-06
-0.000389523541
-0.00023897568
0.000258807285
0.000295517976
0.000862304778
0.000283535244
0.00113761322
0.00017758479
-1.17268143e-05
0.00013622079
0.000411176068
-0.000304184141
-0.000313839708
0.000613548942
-0.000786479386
-0.000219598496
-0.00012356723
-0.000107532645
-0.000454258064
-0.000539085769
-0.000397786981
0.000151399853
0.00094613527
-7.9665024e-05
6.54270982e-05
0.0001274793
-4.59681987e-05
0.000926676161
0.000603496065
-0.000586210381
1.4648121e-05
-0.000187311235
-0.000148415267
0.000574015134
0.000659719981
-0.000469414575
0.000413015696
0.000545715616
-0.000408734662
0.000164935845
-0.000155263673
0.000364584098
-0.000484567205
0.000123614914
0.000148566507
0.000277851233
0.000403276259
0.000189924863
0.000349800221
-0.000276817215
0.000536372081
0.00143139629
-0.000486026523
0.000162631363
-0.000300206069
-0.000338096787
0.000371950916
-0.00074723001
0.00052331066
0.000983255898
0.000298207159
-9.73473764e-05
-0.000560512785
-0.000513518223
-0.000501502805
-0.000539332975
0.00052783982
0.000513918091
0.000302531887
-1.09825259e-05
0.000417332805
0.000315588139
-0.000284217585
0.000835589645
5.76151868e-05
-0.000212448703
-0.000525139301
0.000327953324
0.000143780773
-0.00017588046
0.000355698279
0.000423168785
0.000405192818
0.00101931356
4.81159729e-06
9.59963326e-05
0.000593110602
5.55821253e-05
-0.000157631184
0.000671273828
0.000107722552
0.00050837766
0.000749270726
0.000411296114
-0.000256471263
0.000126479587
3.59292199e-05
-0.000122291192
0.000451562513
-0.000437101286
0.00024529148
0.00116963693
0.000390957744
-0.000194177615
-0.000349194409
0.000227853439
-0.000499621353
0.000172600528
0.000216469546
-1.50739391e-05
-3.09654572e-05
-0.000427297535
0.00056831444
0.000319219198
0.000400595027
-0.00037155648
0.000390604595
0.000238535402
-3.2667055e-05
-0.000121950118
0.000171991919
-0.000272271173
-2.14357434e-05
0.000420479352
-1.35905316e-05
0.000176209912
0.000548605061
-6.25619724e-05
0.000833154436
0.00103230807
-0.000474096664
0.000267518716
-0.000276106028
3.73719769e-05
0.000616436927
-0.000448508453
0.000274173622
0.000830593499
-0.000319527888
0.000196122585
-0.000523570118
-3.72073318e-05
-0.00024359213
2.53229533e-05
0.000216368354
0.000119044304
-0.000373474575
-0.000133704134
0.000634724077
0.000164389932
-0.00019176239
0.000276349924
0.000388761216
-0.000304730617
-0.000306564982
0.000448087109
-0.000487293717
0.000584411627
0.000757714698
-0.000260489108
8.20739509e-05
0.000362235611
-0.000594506847
0.000266592444
-0.00034582041
-0.000340575587
-0.000348092863
-0.000159275122
0.000523602556
0.000698061984
0.000409912743
0.000413249876
0.000416252939
0.00030697096
0.00054458547
0.000909052999
-0.000819945912
0.000568299649
-0.000279010449
-0.000858393096
0.000245614893
0.000318790633
0.000202360828
-6.28233481e-05
-9.84697532e-05
6.49628423e-05
-0.000393196018
0.00099386636
-0.000310810359
0.00114091254
-5.42449083e-05
-0.000179438856
-8.47553332e-05
0.000327537801
0.000691286334
-5.72327639e-05
-0.00042842464
-0.000378619833
0.000161940385
-0.000479961478
5.12529506e-05
0.000110382547
-0.000595553878
0.000552866045
-0.000320443686
0.000323301034
0.00151464158
-0.000277762243
0.000215483766
2.917906e-06
-0.000199055774
-1.32542556e-05
0.00133891548
5.03458095e-05
0.000492312798
0.000238160325
-7.91290673e-05
0.000761838505
0.000379233659
0.000188327443
-0.000476488081
0.00120170498
0.000173078247
0.000270046642
-9.90469718e-05
-0.000772307573
-0.000809905773
-0.000738748894
4.90316706e-05
-9.63330029e-05
0.000453028812
-0.000317227035
-3.10673742e-05
1.10203096e-05
0.000416940135
0.00035538778
0.000175167971
-0.000236933225
0.000865329282
-5.58603301e-05
0.000301837087
-4.99674325e-05
-1.90178611e-06
0.000155035713
-0.000238166398
0.000359085898
-7.90599282e-05
-0.000433079643
0.000282082492
0.000428439361
0.000809432326
0.000643500492
-0.000655130244
-0.000565170217
-0.000292040667
0.000152746376
0.000543272441
0.000834838527
-0.000568892777
0.000197437803
0.000179558095
0.000817275886
-0.000225516307
0.000126601486
0.000380890909
0.000253973805
0.000448314229
0.000657614552
0.000424904967
0.000374993637
0.0010061747
0.000673807091
-0.000732100064
0.000191996915
0.000762382181
-0.000285984112
0.00014447676
0.000122044809
0.000179603124
0.000632802455
0.000220008036
6.83096977e-05
-2.00787819e-05
-8.27373595e-05
0.000420582301
-0.000181447411
-0.000505089974
-0.000345321545
-7.69340221e-05
9.95238983e-05
0.00029928887
-0.000477107909
2.24972189e-05
0.000792230145
-4.10787588e-05
0.000146347165
-0.000263800914
-0.000397455873
-0.000171106179
-5.76269301e-05
0.000240038554
-0.000219175136
-0.000291825465
0.000236645063
-0.000262054012
0.000230330961
9.096891e-05
0.000569861021
-0.000684166506
-0.000655869035
-0.000399281353
0.000496127241
0.000600785026
-0.000359724263
0.000331530524
0.000514925612
7.86179791e-05
-0.000722163811
-0.000276754447
-0.000603167996
0.000399949615
0.000230966122
0.000633032593
0.000373022207
-0.000293959292
-0.00063519526
1.05791658e-05
-3.87066314e-05
0.00114964073
7.24754905e-05
0.000592088973
0.0006035199
0.000766014329
0.000138392285
-5.78718559e-05
-0.000123469667
0.000354611379
0.000347864202
-0.000262546888
7.52369998e-05
-0.000201016265
0.000246551913
0.000247652214
0.000500746144
-0.000562518346
0.000715274711
0.000108704671
-0.00035282694
-0.000112704204
3.20088831e-05
-0.000618476033
-0.000655099724
6.66582749e-05
-0.000358041145
0.000268575217
-6.11654195e-05
-0.000272808561
0.000390257098
-0.000456410814
6.5419386e-05
-0.000565589656
-0.000197449616
0.000249457732
0.000599446984
-6.29677616e-05
0.000192293428
-1.93165795e-05
0.00062608753
0.00134263791
0.000206635518
0.000432398172
-1.18984168e-05
-0.000222182039
0.000641433539
-1.64769165e-05
-0.00025076419
0.00051836969
0.000153708943
-0.000300168381
-0.000229629927
-0.000209599722
0.000499247756
0.000516575506
-0.000340911145
-0.000195075085
0.00022476544
-0.000555299695
-0.000390077464
-0.000147252606
-7.112848e-05
-0.000417513816
0.000340970949
0.00033196349
-0.000372546271
-8.06820519e-05
0.00051888294
5.26846318e-05
-0.000360724468
0.000535434597
0.000144561628
-6.40896379e-05
-0.00030619937
-0.00084587845
0.000484079066
0.000283975061
0.000309449545
0.000339078453
4.33398932e-05
0.000624992932
0.000434803743
0.000161223641
0.000334685264
5.66479523e-05
8.62043032e-05
2.2790183e-06
0.000347629379
-0.0002995545
0.000665852585
0.000879681063
-0.000207041733
0.000339936187
0.000268380615
0.000582894767
-0.000161732459
0.00111050579
0.000340125784
0.000556852269
0.000217328609
0.000924804147
-6.43931731e-05
-6.1805802e-05
-0.000208868997
0.00031924851
-0.000121166887
-0.000221369635
0.000323648744
0.000205591195
0.000642067524
0.000817444762
-0.000135173526
-0.000158783747
0.000136436212
-0.00032415154
-0.000436820538
0.000841275957
0.000876181127
0.000153647448
-0.000239145066
-0.000245525229
0.000353938875
-0.000840969292
0.000421129216
0.000187978417
-2.83956673e-05
0.000531436305
0.000904787778
-0.000271218979
0.000923422343
-0.00015601957
0.000471907686
-4.34081038e-05
0.000344582822
-0.000319195461
-0.000266346629
-0.000331811405
-0.000125010539
0.000203640008
0.000571390324
-0.000163792205
0.000383087301
0.000650165376
0.000193675895
-0.000192836765
5.44306807e-05
-0.000692944056
0.000729920436
0.000126254517
0.000744085303
0.000419119771
-0.000659261863
0.000215463551
-0.000342651036
0.000977105274
0.000314288484
-0.000434298438
0.000350846085
8.5320836e-05
-0.00031262994
0.00178329945
-0.000627332753
7.57578743e-05
0.000784319328
0.000560164256
-0.000227169043
-0.000635362759
5.71247007e-05
0.000850563559
-3.77376084e-06
0.000534430309
0.000686366381
-0.000220985755
-2.22690958e-05
0.00150756801
0.000705093772
0.000564429276
-0.000290761123
0.00110305374
0.000645647428
-0.000344774424
0.000780382023
-8.24225407e-05
-0.000143411243
0.000696502295
0.00144802257
-0.000194444719
-0.000460068772
0.000282702374
0.000171169853
-0.00016928122
-0.000441253185
0.000102663187
0.000219373127
-0.000307091512
-0.000159102904
0.000152599266
-1.16473444e-05
9.65748587e-05
-0.000139235345
-0.000453069487
4.54596739e-05
0.000924690246
0.000140796969
-0.000240759344
-0.000355880036
-0.000421924765
0.000731434951
0.000307483492
0.000689791476
-0.000901947753
-0.000694183121
-0.000253274004
0.000607234401
-0.000249649299
-0.000380589199
9.53797092e-05
0.000210737136
0.000584986015
0.000488289116
-0.00010966123
0.000973361692
-0.000574940215
0.0010890806
0.000548334162
0.000631998933
-0.000218077689
0.000311221409
0.00053217685
0.000112481378
-4.69357387e-05
0.00038675013
-0.000165983175
0.000158662018
0.000262940722
0.000645206401
0.000244043956
0.000527474873
-0.000152135835
-0.000635727557
0.00044690018
0.00103170041
0.000134437214
2.20257747e-05
-0.000231294965
-0.000705640682
-0.000176077348
-0.000289297727
0.000365429773
-9.56382255e-05
-0.000393697596
0.00016817681
-6.66609079e-05
0.000301724145
0.000101195851
-0.000464743089
-3.87499394e-05
-0.000126740954
-0.000238875387
-0.00044034392
0.000700180005
0.000341634129
-0.00029798976
0.000390492108
0.000582855959
-0.000343717859
-0.000145761494
-0.000133542292
0.000495906777
0.000168690476
0.00113337215
-0.000233173063
0.000469473463
-0.000514053903
0.000263240452
-0.000389068021
-0.000547971568
0.00115667818
-6.20992684e-05
-6.12540594e-05
0.000366971232
0.000617028933
0.000301211011
-0.000324079763
-0.000203540212
0.000326876792
-0.000128698278
0.000219458811
0.000643537215
0.000291876306
-5.89345203e-05
-0.000119219726
0.000175524246
0.000144324719
0.000147379308
0.000244282806
-0.000238361518
0.00020215234
0.00159669924
0.000184328858
0.000565933928
-0.000120193621
0.00033389641
-9.36614794e-05
-0.000864991893
0.000138242127
0.000207962618
-0.000209267676
0.000927147629
-0.000376113046
0.00035147873
-0.000135165453
-0.000403131076
-0.000553648058
9.54881848e-05
0.000585499731
0.000540121937
-0.000233758701
0.000238734593
0.000527257957
0.000123817676
-0.00104287016
0.000289787042
6.73513557e-05
0.000428518984
0.000975454938
6.48425215e-05
0.000201426163
-0.000516211067
0.000141270262
0.000363658498
-5.10122052e-05
0.000265604562
-0.000177730579
0.000287303791
-9.54825968e-05
0.000163201454
0.000305294435
-9.48579646e-05
-9.17586688e-05
-0.000218714055
-6.32178765e-05
-0.000285269546
0.00139887246
0.000317181144
0.0002451766
0.000466552862
0.00097390104
0.000218156097
0.00014717149
0.000249573135
-3.13301292e-05
0.000768097702
-0.00116861186
-4.70483721e-05
0.000334880728
0.000435901924
0.000389280826
0.000547862419
-0.000191212027
-3.27268092e-05
-1.08781239e-05
0.000539720214
-0.000450116606
-0.000313734642
8.36708928e-06
-4.91009095e-05
0.000356645374
-0.000285509068
2.0574912e-05
-0.000187964436
-4.65853863e-05
-0.000245734556
0.000455112104
-0.000192989064
-4.84431998e-05
-0.000159755729
-0.000212767851
-0.000424448281
0.000817306257
0.00105423945
-0.000137063606
0.000245854243
0.000911214185
0.000576787976
-0.000800243441
-0.000208290222
-0.000421024043
-0.000497091625
0.000510780256
-0.00117286474
-0.00014411669
0.00025476366
-0.000356138115
0.000414071415
0.00135147923
6.74157567e-06
0.000134654338
5.89268421e-05
-0.000950151208
-0.000873884993
-0.000121949557
0.000245284983
0.000141568109
-0.000108475398
8.52268313e-05
-0.000567739808
0.000251395557
0.000279640418
9.21182798e-05
0.000614897553
6.39560779e-05
-0.000597782009
-0.0001605731
0.000553817711
0.00139045392
0.00053277319
-0.000319135564
-0.000615827578
0.000626127958
0.000245585751
0.000199196748
0.000217320743
-0.00011368486
1.10649026e-05
-0.000205660012
-6.70904975e-05
0.000296151657
-0.00031306514
7.98304495e-05
0.000784463711
0.000559936701
0.000206282849
9.6965577e-05
3.58129235e-05
0.000488887167
-0.000162230067
0.000324996879
-0.00031322817
5.83592839e-05
-0.000263460816
-0.000137911744
0.000313546488
0.0002823568
-0.00038041373
0.000933196745
0.000509457668
-0.000334915367
5.45534559e-06
0.000331692888
-9.8835766e-06
9.79079922e-05
0.000134728799
0.000451251541
-0.000548670133
0.000302477212
-5.06126717e-05
0.000780611518
0.000462225025
-7.36016924e-05
-1.09422196e-05
-0.00026586845
-0.000206714472
0.000338206702
-0.000333768821
-0.000655414986
0.000294244139
-0.000122107757
0.00039552054
0.000484379207
0.000330154568
-0.000246634308
7.41216299e-05
-0.000382030956
-0.000758204005
0.000275976647
0.000704403844
0.000239587372
0.000397005418
-8.44408421e-05
-0.000109204681
-0.000322096638
0.000776205446
0.000169131162
0.000472860805
0.000465466995
0.000978230378
9.14135343e-06
-0.000230606019
0.000319830429
0.00112301543
0.000832112065
9.24634499e-05
0.000112073494
0.000496388605
0.000389143406
-0.00062213709
0.000354586305
0.000399815017
0.000100020192
0.000720911828
-0.000179528121
0.00101758472
-0.000300009115
0.000139500774
-0.0005534521
-0.00047358362
-0.000219220412
0.000459649751
-9.07640173e-06
-2.37879731e-05
-0.000486657448
0.000629770519
0.000440509958
0.000383555057
-1.78182793e-05
9.15770375e-05
0.000742776749
0.000382749022
0.000578722594
2.26464401e-05
0.000153806203
-0.000373717498
-0.000260340702
-0.000504541786
0.000731839374
0.000116358368
5.99345702e-05
0.000369656612
0.000378790932
0.000869526786
0.000238505995
-0.000235563061
0.00120377452
-0.000549117209
0.00110470983
8.48440954e-05
-8.41495076e-05
-0.000155934365
-7.33858018e-05
2.12155518e-06
-2.54480328e-05
0.000541260033
0.00070336287
0.000491436738
0.000687451914
-0.00011253436
0.000406605345
-8.96859636e-05
-0.000137383517
6.65786704e-05
0.000437125245
-0.000145052912
0.000408145086
0.000432435866
-0.000248027916
0.000148242571
0.00077010686
-0.000104886859
0.00029455378
0.000206026536
0.000249318267
-0.000195153884
4.46994634e-05
-0.000851096161
-0.000850553357
0.000503198787
0.00051833429
2.32781333e-05
0.000729696253
0.000205766396
-0.000273640718
0.000173324485
0.00055220339
-0.000863967674
6.47782104e-05
-0.000511724424
0.000435138369
0.000150970306
0.00045191443
0.000409620385
0.000256750331
0.000414405478
4.40323571e-05
0.000423437024
-0.00016650622
4.39319514e-05
-0.000756580568
0.000714051107
0.000840910412
-4.78873913e-05
0.000449285339
-0.000345884473
0.000565081562
0.000197606285
0.000213524127
0.000522091314
6.18894059e-06
0.000446593195
-0.000158536501
0.000703767638
-0.000272569444
-0.000206751309
-4.46763049e-05
0.000546928637
0.000736071782
-0.000344590145
0.00105041503
0.000227641515
5.75134478e-05
0.000129611728
0.000103400338
0.000380339134
0.00130475247
0.000727840266
0.000131159652
0.000855652147
-9.74783322e-05
0.000290950645
0.000718395965
0.00190545032
0.000428164029
0.000480805291
0.00027303469
0.000770810345
0.000460633561
0.00117541379
0.000288702968
0.000141451564
-0.000450769554
-0.000681860924
-0.000535259326
-1.49773566e-06
0.000202370947
0.000225130023
7.86165328e-05
0.000558852563
0.000191213095
-0.000183354163
-0.000729515258
0.000583756792
0.000298481532
4.95358755e-05
0.000419500468
0.000482727466
0.000397775082
8.80854424e-05
8.45580601e-05
2.69118612e-05
0.000566495024
6.91605238e-05
0.000307522749
0.000159736409
-0.000238554288
0.00017086729
0.000523931563
-0.000236268291
7.11735246e-05
-0.000367183176
8.23513589e-05
-8.2303907e-05
0.00114384764
0.000683180228
0.000598925588
0.000170824397
-0.000131141839
0.000187348912
0.000502318721
0.000141164992
0.000613984637
-0.000435258159
-2.84151768e-05
-0.000598350429
-0.00071992224
-0.00022671223
-0.000233695524
-0.000196580368
8.13158129e-06
-0.000523730578
-0.000215280274
-0.000233813
0.000483249441
0.000801864821
-0.000227715561
0.000537123154
0.000509794503
7.15428858e-05
0.00123996431
0.000897988368
0.000405846945
0.000499432918
-0.00029354383
0.000292632937
-8.38587077e-05
-6.71751033e-05
4.50972056e-05
0.00034796193
-0.000375897931
0.000778168748
0.000375804311
0.000764506354
-0.000490799216
0.000387963428
-0.000324424739
0.000111997304
0.000799709485
0.000156646461
-0.000292935655
0.000577782934
0.00074325723
0.000793319939
0.0010310114
5.52424153e-05
0.00038555072
0.000403569504
-0.000290485664
0.000108382345
-9.01034398e-05
0.000284981672
0.000138294206
-0.000510626432
0.000699063284
-0.000179850907
-0.00028292431
0.000525070372
0.00037888495
-0.000249488124
-0.000225526165
5.94832208e-05
-0.000651620826
-0.000154413386
-0.000127157374
0.000160938135
-0.000146476843
3.14788222e-05
-0.000177353688
-0.000169407045
7.33750839e-05
7.49519873e-05
-8.1519696e-05
-0.000105794192
-0.000152911795
0.000564274795
6.55885375e-06
-0.000279525636
0.000210570114
-0.000245382418
-0.000345355647
0.00155050507
0.00162995561
0.000318144533
-6.15091826e-05
-0.000142280169
-3.69577394e-05
6.13961552e-05
5.9820932e-05
-0.000249930292
0.000216458391
0.000101836898
0.000491622172
-1.15293681e-05
0.000297448357
-4.69359475e-05
-0.000126322931
-4.95251829e-05
-0.000227208195
-0.000432368968
-0.000332930431
-0.000250568005
-0.000553744178
0.000294925067
0.000757299235
1.53922307e-05
-0.000306360634
-0.000373962462
-0.000101421236
0.000224757161
-0.000127861069
0.000781653782
-0.000190238477
-0.000184382321
0.000805584794
-0.000470407788
0.000153167221
-1.78034248e-05
-0.000253460134
-4.9275137e-05
-0.000693536459
-0.0002612285
0.000626404317
0.000446396785
0.000505782323
-0.00022158464
0.000437839916
-0.000220070885
0.000167591823
0.00128875992
0.000583460576
-2.48746196e-05
-0.000105654971
0.000452190202
-2.19368089e-05
0.000866098565
0.000783185063
-0.000351597546
-4.8306319e-05
-0.000448610774
0.00111212967
0.000360653789
0.000303199917
0.000185284824
-6.20478766e-06
0.00069850441
0.00041265751
7.00505965e-05
0.00074653319
-0.000245305157
0.00064028746
-0.000233526995
9.27930124e-05
-0.000437454953
-0.000453310918
-4.01555746e-05
-0.000305629966
-0.000249445178
8.79564685e-05
6.6237179e-05
0.000116066935
2.66052215e-05
-0.000478160014
-0.000560689002
0.00125149381
0.000439521251
0.000744134792
0.000692679836
0.000512365069
5.4502842e-05
0.000371304754
0.000317396509
-4.25957874e-05
0.000880220781
3.00961324e-05
0.000204352862
0.000462775028
-0.000120615722
-6.17070229e-05
0.000554017138
-0.000147488818
0.00133599645
0.000206366351
0.000302157568
7.00832067e-06
0.000331099411
0.000681732807
0.000709331377
0.000263069931
0.000241462258
0.00111617428
3.04367127e-05
0.000770506739
-0.000680568069
0.000285894083
-7.3074807e-05
-6.31687377e-05
0.000415531836
0.000125043001
0.000160796164
0.000631830921
-0.000197097283
0.000247881725
0.000845272596
-0.000388908368
0.000358181593
0.000107344922
0.000530334396
0.000293081982
-0.000784719747
0.000143274553
-0.00101770778
0.000563527216
-0.000218233789
3.64954134e-05
0.000650727414
-0.000734727639
0.000240759838
0.000131623681
-0.00018600109
0.000162164224
0.000357866777
-9.74756992e-05
0.000257320525
0.000389066562
-0.000315309069
0.000265292919
0.000188389874
-0.00030566545
0.000755158147
-0.000864253864
0.000153170405
-9.23308608e-05
-0.000506462149
0.000324821626
-0.000369502969
-0.000401740466
-0.000119688061
0.000304121608
0.00141286645
-0.000411208505
-0.000533020046
0.000315385062
0.000191028054
0.0004871434
0.00010382495
-9.94673326e-05
2.65234852e-05
0.00038609047
0.000867744971
-4.40927989e-05
0.000790656453
-0.000117054167
0.000472760174
0.00074140967
0.000497535121
-0.000104993468
-0.00036231622
0.000412549439
0.000514734851
-0.000248107616
3.41980076e-05
2.75318413e-05
0.000360276135
0.000372192833
0.000502880905
-0.000430337398
-0.000224862463
-0.00056101019
-0.000841184399
-0.000386096151
0.000688567268
0.000369628542
-3.15014094e-05
0.000293077365
0.000118181668
0.00028183827
-0.000118660646
0.000272409792
0.000443733544
-0.000194854644
0.000212816439
0.000153113861
0.000227337454
0.000559376488
0.000329673966
0.000679306679
-0.0012231012
-0.000227592791
0.000214308594
0.000516440131
2.40629619e-05
2.4175364e-05
0.000111524299
-0.000314189239
-0.000462917703
7.69711482e-05
0.000524985621
0.000103205137
8.87566169e-05
0.00021015631
0.000233741397
0.00062712884
0.000499328456
-0.000223949025
8.48099694e-05
0.000362252443
-0.000338486069
0.000832645223
-0.00081697464
-0.000525584159
-6.62509226e-05
-0.000158641293
-2.37357528e-05
5.21441938e-06
0.000525682762
0.000421103173
2.35046817e-05
-3.66895836e-06
0.000383104845
0.000514674851
0.000329095443
7.33682311e-05
0.000387016735
0.000657135235
-0.000223516
-0.000530372927
0.00113545145
-0.000748731428
0.000295692568
-0.000207625525
-0.000103334205
0.000217790973
0.000310199136
8.04809505e-05
0.000490243977
-0.000397152338
3.84100253e-05
-0.000124207013
0.000458274904
-0.000288675117
0.000297482715
-0.000476176911
0.000110470459
-0.000114457281
0.000411361535
-0.000450319861
0.000483193737
0.000483350551
0.000949604133
-0.000188064361
0.000504845168
0.00017546546
-0.000250244368
-4.73316692e-06
0.000609612032
0.000437136565
0.000312026952
-0.000320787208
0.000270156657
-1.14191144e-05
0.00054829623
0.00042175077
-0.000361777983
-0.000445145795
0.000450648078
-8.89821996e-05
-0.000503367361
-0.000478210106
0.000151900399
0.0014141458
0.00041491364
-0.000264311055
-0.000528887829
-8.19557433e-05
0.000777418998
-0.00025665191
0.00109771474
0.000108907023
0.000262903747
-0.000256772946
-0.000527849755
0.000357064494
-0.000280856103
-5.65148309e-06
-8.94271899e-06
-0.000114226807
-0.000363903722
0.000166519538
-0.000152352672
0.000643159947
0.000593487499
0.000854463419
0.000451408301
-0.000680899002
-6.82855322e-05
0.000239038252
-0.000911965225
0.000106526442
0.000784445234
0.00183976926
3.91907757e-05
-0.000150503223
0.000316678131
-0.000702960174
-0.000852603657
-0.000117327214
0.000333712999
0.00016173595
0.000572730514
0.00029172104
0.00045586149
0.000532857734
-2.48555657e-05
0.000127862213
0.000135056801
0.000273733591
0.00095565998
0.000343227388
7.45531056e-05
0.00130499659
0.000836961119
0.000155966731
-3.16594516e-05
0.000235033818
0.000648467458
0.000474659574
0.000291696762
0.00111645658
0.000469093012
-0.000166844511
-0.000492268663
-0.000674428381
0.00111298548
0.000187574882
0.000585065881
-0.000637596357
0.000219118421
0.000294067043
-0.000155196818
0.000264186695
0.000794332701
0.000601599926
0.000104134555
0.00074200248
0.000995435157
0.000326080117
-0.000295221987
-0.000402408892
0.000277404889
-0.000179528022
0.000493244713
-0.000125683679
-0.000431341346
-0.000227513562
0.000320436289
0.00085522396
0.000223384664
-9.21073963e-05
-0.000101311252
0.00112609475
-0.000764694501
8.82972478e-05
0.000404222619
0.000329198774
0.00031180339
0.000333385765
7.57273221e-05
-2.8118372e-05
0.00129573717
-4.30041181e-05
0.00029396446
-8.48425281e-05
0.000723670187
0.000151361837
0.000696621457
-0.000471324766
-0.000357417846
0.000282721627
0.000195816566
0.000473076183
3.57717066e-06
9.21395844e-05
0.00085795137
0.000158924533
0.000170637958
0.000519170169
-5.12691764e-05
2.58761831e-05
0.000808263234
0.000691865181
-0.000252114995
-6.41569866e-05
0.000359258536
0.000367689224
-0.000137293454
0.000568825203
0.000192680148
-0.000255511422
-0.000250463833
-9.13890562e-05
0.000352518825
0.000150389089
0.000340846456
-0.000170071107
0.000810549657
0.000188352432
0.000122788603
6.57094131e-05
-9.68372093e-05
0.000446564931
0.000346368737
0.00132704341
0.000189599502
-0.000117810404
-0.000508834775
6.89539736e-05
0.000360589934
-0.000297948127
2.24914221e-05
-0.000354329194
-0.000806811279
-0.000419738312
0.000399106123
-0.000178187831
0.000126971584
-0.00118103041
0.00032050202
0.000545940975
-0.000440071902
0.000227920636
0.000161411438
-0.000305161729
0.00091992213
0.000168396055
0.000737801413
0.000630898731
-0.000392457397
0.000265920321
0.000132136565
8.00141547e-05
-0.000281595222
-0.000411140096
1.66921565e-05
0.000253202655
-0.00033401038
0.000641214446
0.000559789644
-8.62889458e-05
-0.000178335683
0.000256957403
2.02638543e-05
0.000987717423
2.65973928e-06
6.15867245e-05
-4.01036983e-05
-0.000292898041
-0.000263306719
-0.000143149152
0.000152844988
-0.000116635828
0.000749643706
-0.000238313297
-0.000626184785
-0.000610208454
-4.80857409e-05
-0.000706223614
0.000605855522
7.45861015e-05
-0.000381298862
0.000299196218
-0.000811712967
0.000849622228
0.000334502231
0.000747081146
-9.28714293e-05
0.000585661551
-0.00015961107
-2.65353476e-05
3.82888798e-05
0.000204479356
0.000592927635
-0.000358209321
0.000393465878
-9.30527606e-05
4.6542929e-06
0.000273258478
-5.6282995e-05
0.000434121316
-0.000375992693
-0.000194664694
0.000220173338
-0.000106863333
0.000201416314
-9.94451834e-05
0.000537571899
0.000208575937
-0.000323435115
9.45926571e-05
0.00065866243
0.000902662065
-0.000556589174
-0.000212620253
0.000199808077
0.000339053291
-0.000824069432
-3.28927276e-06
0.000111383627
-8.94054883e-05
0.000948471946
-7.12964655e-05
-0.000957655288
-0.000361453416
-7.78601681e-05
-0.00016644348
0.000299451062
0.00016437629
-0.000216943086
0.00125257525
-0.000344999603
-0.000902596335
2.97793585e-05
0.000328130042
-0.000309778432
0.0008864599
0.000736246206
0.000536952644
0.000951915922
0.000626816767
0.00012951075
-0.00047462856
-0.000554537607
0.000400784393
0.000362957118
-0.000182404643
0.000502923068
0.000306147559
-4.23599486e-05
-0.000247470257
0.00105771924
-0.000166063371
0.000459664765
0.000714421651
-8.2871683e-05
-0.000186287532
-0.000158329313
0.000260189482
0.000304024328
0.000522298581
0.000723445884
0.00044922651
-0.000250117549
0.000165876799
0.000391391664
-0.000729445903
-0.000336069127
-7.56455923e-05
0.000236298439
6.33331039e-05
-0.000866990515
-3.01102037e-05
0.000545885539
6.95040282e-05
0.00062656333
-0.000709585679
-0.000515756099
0.000494030538
0.000186819012
1.681239e-06
0.000121471319
0.000725167849
0.000313705949
-0.000356544446
-0.000196092163
7.13493711e-05
0.00015404035
0.000496601947
0.000404848727
8.25622546e-05
-0.000107574989
-0.000379134642
0.000240293497
0.000204063349
0.00064139967
-7.11327821e-05
-0.000682194432
-0.000834006225
9.29429933e-06
0.000361040688
-0.000766823604
-0.000314588245
-0.000354184023
0.000161891443
0.000268296308
0.000143117462
0.000261574509
6.80591265e-05
0.000554577516
1.76229286e-06
0.0002115502
-0.000463041456
-0.00016248728
-0.000276853823
0.000432171097
0.000726389153
0.000668966572
-7.48740303e-05
-0.000243722266
7.81822133e-05
-0.000514043629
0.000874470557
7.00516311e-05
0.000324327004
-0.000426150069
0.00057299604
-0.00054122099
0.000202460356
0.000962372605
0.000340061674
6.47496679e-05
-0.000310841684
4.8010146e-05
6.47596718e-05
0.000404339621
0.000115339231
0.00046735737
0.000131340752
0.000834686829
-0.000330617816
-0.000326793368
0.00100832253
0.000231644802
-9.64642139e-05
7.57617101e-05
0.000360819449
0.000132700246
-7.05422172e-06
-0.000394539314
-6.34730027e-05
-0.000266979183
0.00033735122
0.000141722814
0.000361992177
0.000236608941
6.94830145e-07
7.37131768e-05
-0.000440252373
0.000137489853
0.000577837121
0.000209590512
0.000185624642
0.000229094585
0.000186655044
0.000143016295
-8.65552298e-05
0.000963087745
-0.000305116039
0.00060643783
-0.000321050764
0.000397526134
-0.00071605406
-0.000276058027
1.62608959e-05
-0.000308988995
0.000494401701
0.000418433483
0.000687437405
0.000850590501
0.000588853993
-9.77413573e-05
-0.000503183351
0.000966307518
0.000432165662
0.0003601506
0.0011359419
-0.000151286761
-0.000288730816
3.35724476e-05
-0.000297960902
-0.000269555073
0.00111458033
-1.34878055e-05
-0.00062798042
0.000351075476
5.67554971e-05
0.000437038601
0.00166743262
-0.000445264359
0.000736686165
0.000673841574
0.000297564723
-0.000254288675
0.000261267905
0.000172475242
0.000230832231
0.000710669573
1.78158119e-06
0.000100120585
0.000246385773
-6.93418188e-05
8.08934722e-05
0.000243775727
0.000163757219
4.19485919e-05
0.00128629109
0.00048044925
0.000347965261
-0.000161515565
-8.12483401e-05
0.000781190288
-0.000311732548
-0.000371103811
0.000721913087
-6.85985871e-05
0.000202413795
0.000131540209
0.000257335788
0.000379292218
-0.000208119177
0.00134872362
-0.000169680232
0.000453652431
0.000136706163
0.000584438857
0.000684104582
0.000366365201
-0.000851614101
0.000167853267
0.000347415361
2.28401726e-05
0.000572402553
0.000520692268
-0.00019335652
-0.00014413516
-8.83341064e-05
-0.0004819294
0.00065101408
-0.000287635814
0.000774377893
-0.000366823215
6.59442807e-05
0.00075046697
0.000180798563
0.000212052479
0.000401830508
0.000487331699
0.000128079592
-0.000388403015
-0.000271245337
-3.93676492e-05
0.000764940135
-8.72596839e-05
0.000853478337
-0.000804403939
0.000165543275
0.000950748305
-6.67349516e-06
0.000285323735
0.000316374651
0.00050887638
-0.000106099475
-0.000446793252
0.000561974417
-0.000962879689
-0.000256910169
3.82748317e-05
0.000392253238
0.000141912512
-6.20031309e-05
-0.000324154449
9.56409143e-05
0.00029981614
-0.000114217922
0.000226443774
0.000110384845
-0.00068252939
-0.000235179094
-0.000230617733
0.000141576854
0.000110834172
0.000186031977
-0.000189966386
0.000668333693
0.000547962077
0.00029583864
0.000252225257
-0.000173823117
-4.68411321e-05
0.000120711467
-0.000204037252
0.00017964012
0.000176664457
0.000728965416
4.07139673e-05
-0.000109082964
0.000239468117
5.70681212e-05
0.000685484044
0.000253661756
-0.000396351511
0.00033795107
0.00036512057
-0.000311669282
0.000649708133
0.000325343613
-0.000413080428
-0.000108508109
-0.00071320923
-0.000564188927
0.000271802936
0.000339346694
0.00059682547
2.14790938e-05
-0.00023484335
0.000550493413
8.7418309e-05
0.000397537911
0.000130761959
-0.000344617421
-0.000493025828
-0.00077068419
0.000411702874
-0.000271516837
0.000505412336
-0.000603722046
0.00033041584
0.000406635369
-0.00075380651
0.000873861154
-0.000372609049
5.83351061e-05
0.000274793937
8.86740733e-05
-2.01714413e-06
0.000506216191
-0.000756606465
0.000421483425
-0.000460356291
-0.000150866249
0.000557623546
6.08884727e-05
7.86675023e-05
-0.000410994776
0.000571800208
0.000635097905
7.17228959e-05
0.00103405352
-0.000465980124
0.000558343081
0.00025759364
0.000791575202
-0.000455437064
0.000503686894
-0.000165491872
3.43251869e-05
0.000139777604
-0.000171867639
-0.000278602061
0.000470329103
-7.6715739e-06
5.59824812e-05
0.000253123765
-0.000471374618
0.000139640287
-0.000193206679
-0.000414371475
0.00037570685
0.000578196778
-0.000262178024
0.00037620792
0.000471814985
0.000364705937
0.00063989526
-0.000384833718
-8.39600247e-05
-1.69871425e-05
0.000511261241
-0.000271588216
0.000305261683
-0.000628372925
0.000530899521
0.000556920208
1.5266923e-05
0.000183868839
-0.000121905168
1.08346267e-05
-0.000229863485
0.000101376972
0.000552500636
-0.000143936655
0.000630743856
-0.000508076636
0.000213636675
-0.000427045365
-0.000351294514
0.000146140857
-0.000655851767
0.000256641771
0.00070181034
0.000326228805
0.000211724985
0.000331359594
0.000444384034
6.99691839e-05
0.000639521973
0.000482237377
-0.000509242294
-0.000124062476
0.000419050129
0.000353342382
-0.000571522913
0.000736972465
0.000312477812
0.000243386101
0.000225733519
-0.000133775117
-0.000400574682
2.9804716e-05
-5.09665271e-06
0.00058405771
-0.000373463283
0.000422975182
0.000238091149
0.000456543015
9.03271516e-06
0.000108840587
-0.00019054028
0.000979681695
-0.000608191423
0.000171912908
-0.00013302446
0.000872435675
0.000799153267
0.000999493227
0.000213753357
8.59132188e-05
0.000257090553
-0.000310038829
5.15325901e-05
-0.000132312351
4.74919765e-06
-0.000627071662
0.000415433658
-0.000203825583
-0.000162509619
-0.000218761516
-3.3636736e-05
9.48110245e-05
5.98951612e-05
0.00020536598
-0.000151345357
-0.000174944548
-0.00028312728
0.000107858013
6.47174909e-05
-0.000209895213
0.000312518163
0.000380005404
4.47502498e-05
0.000358954582
0.000119995769
0.000368803565
-0.000713745209
-0.000419785457
-0.000461605342
-7.42686497e-05
0.000554655303
0.000122623873
0.000422887614
-0.000489458723
-0.000277096749
0.000230700083
-0.000160110153
-0.000224986465
0.0001907385
0.000834938998
-8.76296051e-05
4.36520582e-05
0.000101330461
0.000478989135
0.000234788782
-0.000285662089
0.000947383797
1.52706116e-05
0.000466299625
-0.000367993113
-0.00047041544
0.000588232783
-0.000286147453
-0.00047995371
0.000337365091
-0.00020240991
0.000351083607
2.25974862e-05
0.000495060184
0.000452999634
-0.00048882695
-0.00110426707
6.68100739e-05
0.0001784484
-0.000255567124
-0.000256342355
-0.000120063171
-0.000495622449
0.000205268476
0.000271968677
4.53022662e-05
-0.000139155119
0.000146955387
0.00042174599
-0.000569547718
0.000181280321
-0.000270395233
0.000198558909
0.000210873944
0.000211778244
-0.000400183246
0.000197851
7.06427476e-05
0.000762935395
6.40484335e-05
-0.000956109321
0.000880477121
-0.000588317627
-0.000704313543
-2.9590729e-05
-0.000827076149
0.000109035621
0.000286596099
-0.000299951312
3.07525294e-05
-0.00024816715
0.000594608476
0.000116510528
0.00021184268
-1.7877189e-05
-0.00102026474
0.00068798773
0.000473161073
-0.000203737002
5.10309224e-05
0.000460178708
0.00050351286
1.25901731e-05
0.000106614793
0.000353572606
-0.000490911241
0.000289974532
0.000223004411
-0.00057080867
-0.000579362386
-0.000344959357
-0.000139881281
-2.22528516e-05
-0.000145014053
0.000408454743
0.000279070517
0.00120027371
0.00102769876
-1.83926348e-05
0.000391361165
-0.000134103773
9.64963777e-05
0.000175047989
0.000839399176
0.000680781771
-0.000248905144
0.00119101631
1.79612521e-05
-0.000135958888
-0.000258455778
0.00115574742
-0.000187806635
-0.000241549136
-0.000217074393
2.47789715e-05
-0.000103136774
-3.90335809e-05
0.000665033643
-9.88262658e-05
0.000165371498
0.000792425957
-0.000380561716
-4.2990367e-05
8.2019121e-07
-0.000158727598
0.000336020052
0.00134004845
0.000267244353
0.000273611849
-0.000265478744
0.000580912766
-8.7887492e-05
5.3224707e-05
-5.65225855e-05
-0.000204887699
0.000106812929
0.000457127921
0.000528868814
0.000312207183
0.000110900716
-3.57005948e-05
-0.000364874734
-4.24997335e-05
9.73461241e-05
-0.00047410507
0.000134394924
0.000163469227
0.000287880717
-0.000226839679
1.79667712e-06
0.000535738947
-0.00017851122
-0.000136015522
-0.000385644786
9.14575407e-05
0.00055384545
-0.000236686319
-0.000102406694
-0.00053847772
-0.000205160435
-0.0006683801
0.00240269627
-0.000233569953
-0.000536852995
0.000908569297
-0.000648044553
5.84480359e-05
0.0003030681
0.000521616278
-0.000113476507
0.00020374088
0.000267896191
0.00106339119
-0.000531039046
7.51917913e-05
0.000463320845
-0.000139630894
0.00104945497
0.000678460369
-5.45265681e-05
0.000182047323
0.000373016506
0.00135734567
-0.000358258388
0.000290132986
0.000513768473
0.000579585365
0.000709946614
0.000918546492
0.000191294655
-0.000804434183
-2.05509741e-05
-3.00070185e-05
0.00092221079
-0.000438841859
-2.0259457e-05
-2.27023946e-05
-0.0001252746
-0.000117269785
-0.000164052748
-1.15158805e-05
0.000264063961
-3.81147784e-05
-0.000309629684
0.000275413688
0.000224200711
-0.000403900526
0.000280672222
0.000751290515
0.00029088638
-0.000256657788
0.000362825862
0.000437360051
1.73347333e-05
0.000442367089
0.000121623171
-0.000606762853
6.76114523e-06
0.000329247701
0.000280273974
-0.00020233626
-0.000219624996
1.98183344e-05
0.000256008426
-0.000124272545
-0.000378718991
4.37664292e-05
6.05682e-05
-1.26279484e-05
0.000148520324
-0.000227525835
-3.79610191e-05
-0.000276452311
0.000457300873
0.00064562184
-0.000138583501
0.000705634767
-3.20405015e-05
0.00139309722
0.000108333577
-0.000760855242
0.000280344346
0.00027397876
-0.00030882936
0.00114940216
8.56634164e-05
0.000222714514
0.000310265514
0.000354421979
-0.000602306149
-0.000720073027
-0.00023896457
0.000166154265
0.000284263972
0.00119835907
0.000121637999
0.000602428604
-0.000226729178
0.000398971316
0.000491949182
0.000212151972
5.36277988e-05
0.000442055074
6.142331e-05
0.000187814947
-0.000299870833
0.000697532622
0.000777972687
-0.00030938104
0.000106879292
0.000137527716
0.000387543894
-7.89785659e-05
8.14182007e-05
-0.000945623827
0.000386494081
-0.000414735433
-0.000254234373
0.000635613642
-5.730699e-05
0.00036492648
0.00058396449
-6.39108046e-05
-0.000130792023
-0.000348911933
0.00021058362
-0.000433702612
-0.000215155942
0.000260352971
0.000315983259
4.65149868e-05
0.000933247841
0.000228049674
-0.000236222905
0.000259036082
-0.000172645634
0.00106053325
-5.27793902e-05
0.000582920455
2.40095774e-05
-0.000630196774
-9.42326982e-05
-0.000165080912
0.000497294626
0.000430893581
0.0005782894
-0.000205317378
0.000448326043
0.000389059068
8.04930852e-05
0.000566602951
-0.000151386173
-0.000182286868
-0.000137522819
0.000706952905
0.000681851369
0.000517072013
-0.000706642631
0.000205661085
0.000617781475
4.66552608e-05
-0.00014495415
0.000176928022
0.000629285813
-0.000319140832
-0.00053889212
-0.000167048966
4.59479665e-05
5.36546975e-05
-7.92429635e-05
0.000645621406
0.000940728434
-5.93204455e-05
0.000705109244
-1.11761278e-05
0.000371512777
0.000394825126
0.000174764694
-3.94378234e-05
0.000342505436
0.000149830169
-0.000877160451
0.000690753383
-0.000132079295
0.000917411097
0.00018905242
0.000314355777
8.41231963e-05
-0.000175673733
0.000784307129
0.000315201352
0.000756260636
0.000181298435
0.000400396274
-0.000167424036
-0.000575067313
0.000923502357
0.000894876306
-0.000607205243
0.000544641727
0.000557546744
-0.000151446912
0.000456999785
-0.00027817004
7.44321169e-05
-1.44611849e-05
0.000583891252
0.000240993056
-0.000547471492
0.000579902904
0.000655796292
0.000286507221
0.000294311856
-0.000124694957
-0.000163541265
0.000421638111
0.000334123547
4.39468724e-05
0.000190236114
-4.70406247e-05
-0.000313506958
0.000494828408
0.000526221686
0.000351637691
0.000547919787
5.36295525e-05
-0.000341619589
-4.30861218e-07
0.000205842473
0.000115009136
0.000392472655
-0.000586005337
0.00064479672
0.0010871059
0.000585291916
-6.11901918e-05
-0.000152251085
-5.30151711e-05
-2.18852816e-05
0.000450223225
0.00050335037
-0.00041485981
1.69884097e-05
7.54227944e-05
0.000394985418
0.000729884819
-2.45410116e-05
0.000108987796
-0.000176943787
0.000418148327
-0.000303509651
0.000438774254
0.000282514912
-0.000392373166
-0.000309027184
-0.000570067498
0.000297257046
-0.000379242612
0.000655631648
0.000583628109
0.000453392229
-0.000582294758
0.000828397377
-0.000937695385
-0.000751260612
-0.000109299249
0.000748169753
0.000137087875
0.000214355472
0.00029531895
0.000330042503
9.76645962e-05
8.02637681e-05
0.000296009504
-0.000404630474
0.000142740569
0.00126930947
0.000812379213
9.40225324e-05
0.000719242032
0.000258769192
0.000513529709
-1.30105713e-05
0.00132127014
-0.000202862101
-0.000102910234
-0.000539852661
0.000641994507
0.000566617249
0.000512751439
0.000738084935
-0.00041195812
-0.000504771598
0.000454780662
-5.87534889e-05
-0.000308837487
-0.00034940784
-0.000126217954
0.000797997029
-0.000439937133
5.42870077e-05
0.000648817528
0.000103168981
0.00120550108
3.34670413e-05
2.25147689e-05
-4.95994114e-05
-0.000457780116
-0.000459231825
0.000828132628
-0.000233561639
0.000330134711
7.16500627e-05
-0.000151149901
4.24216103e-05
-0.000309365161
-0.000203032903
0.000165559187
-0.000239229764
-4.15878433e-05
0.000333967082
0.000407837739
-0.000417936252
0.000116395974
-0.000702803615
0.000362546644
0.000418531502
-0.000850169857
0.000133625621
0.000428876883
0.000226547545
0.000163285255
0.000230179478
0.000126726926
0.00078638704
-0.000122581042
-0.000225044623
-0.000615560237
-7.24478635e-05
0.000112457564
-0.000174620927
-0.000346058159
-0.000246972774
0.000222651611
0.000277057147
0.000483834971
-0.00012705311
-0.00026928654
8.84809701e-05
-2.16159785e-05
0.000256745416
0.000844455528
0.000184942921
-8.13768197e-05
0.000114313133
-1.66532249e-06
0.00050100334
-0.000416655776
-0.000325228274
0.000566947725
0.000790595271
-0.000331245268
6.24209826e-05
0.000397880385
-0.000164404717
0.000132806976
-0.000402371808
-0.000549950918
0.000314668556
-0.000191286909
0.000309357378
-1.27426527e-05
-0.000338839787
7.18864933e-06
0.000265520717
-0.000133736979
0.000151229174
8.73288522e-05
-0.000295588461
-0.000506926342
-0.000278836241
0.000130252
8.48497626e-05
0.000131753482
6.79280996e-05
-0.000328338653
0.000215195784
-0.000524916468
0.000651742984
0.000536601859
-0.0006772008
0.000280909858
0.000274929076
-0.000189603542
-0.000172978717
-0.000210485191
4.90025612e-05
0.000178398747
-4.73755293e-05
0.000502830049
0.000247056568
-0.000196502506
0.000199258726
-0.000343324977
-0.00018644234
0.000543269793
-0.000165191899
0.000191618103
0.000295173746
0.000441476633
0.000347620861
-0.00019724641
0.000299942667
0.000330714925
2.97057838e-05
0.000807070061
0.000198709856
0.000351641882
0.000562818224
0.000392478371
0.000483022908
-0.000280501827
-0.000693779246
-0.000251057087
0.00071147144
8.7526981e-05
0.000376316564
-0.000193643977
6.65016125e-05
0.00133483125
0.000274050296
0.00011709725
0.000342587913
0.000991812249
0.000227407282
-1.04859288e-05
0.000336607115
0.000411049122
0.000749702911
0.000286545596
-0.000194868952
0.000505197837
0.000178805094
0.000281200983
-0.000138297405
-0.000638615825
-1.73981768e-05
0.00039441511
-0.000702236501
3.15491793e-05
0.000179700118
0.00045444574
-5.63051957e-05
0.000123510609
-0.000273521972
-0.000143344143
0.000631556289
8.59573261e-05
0.000929223615
0.000296457759
0.000307049178
0.000508728022
0.00105727279
0.000495792777
-0.00040449553
0.0010644289
-0.00054638075
6.33714157e-05
0.000850759714
-0.00103919301
-0.000523939391
9.01626491e-05
-0.000384338095
0.00073193567
0.000117263643
0.000603268263
0.000386552039
0.000768815577
0.000291132183
0.000307197847
-0.000148700964
7.46733128e-05
0.000174815005
-0.000335281841
5.02045602e-05
-0.000106217374
0.00077394138
-0.000243267975
0.000639983903
-0.000518433217
0.000531177214
0.000298969914
0.000317881823
4.44570406e-05
0.000228546021
0.000271983303
-2.77453315e-05
-6.9749159e-05
-1.61028515e-05
0.000666281529
-0.000173479633
-0.000323568408
0.000220844911
-0.000150240183
0.000106718586
6.1005266e-05
-0.000271189592
0.000119480166
0.000320412827
3.61607713e-05
0.000171199956
-0.000486851734
8.44686741e-05
-4.23870343e-05
0.000145413823
0.00039292394
0.000521167158
-0.000200490257
0.000261678432
-7.4139645e-05
0.000751137311
-0.000235654297
-0.000268483145
-0.000126786596
-0.000191282005
0.000507024894
0.000734832141
-0.000132634457
1.09088598e-05
-0.000301026687
0.000582523303
-9.25663244e-05
0.000287009388
-0.000347196904
3.52842199e-05
-0.000335815561
-0.000127960366
0.000492773524
0.000519534594
0.000217875164
-0.000201456164
0.000150235299
-0.000190587393
0.000611660258
0.000204658366
-2.41141329e-05
-0.000208401658
0.000311508013
0.000549566581
8.41135096e-05
0.000598662045
-0.000401583649
-0.000333762993
0.000217013514
0.000369808781
0.0006145146
0.000182942631
-6.43200934e-05
-0.000589918224
0.000171411387
4.39893547e-05
-6.76378844e-05
0.000542359229
0.000156419439
4.56921806e-05
0.000491492443
-0.000565497818
0.00033877597
-7.56447806e-05
5.57634594e-05
1.25901074e-05
7.86126948e-05
-0.000276641606
-0.000723686233
0.000158063005
0.000349917779
0.000230839685
-0.000500917306
0.000240436409
-9.04786108e-05
-0.000472603363
-0.000368161635
7.86197538e-05
0.000256952204
-0.000106154401
-0.000771404692
-0.000527910101
-0.000136482069
-0.000280237861
0.000474555722
-0.000240103083
0.000193798283
-0.000440733344
0.000446045222
0.0005691768
3.60639015e-05
-0.000173133879
0.00046211788
-0.00020574446
-0.000416240179
0.000315374387
0.000526806003
0.000249869101
0.000919107354
0.000578038408
0.000710171606
0.000277617995
-0.000420457516
0.000829841714
0.000422418293
0.000518948543
0.000405742396
-0.000170393897
0.000814611121
-0.000165168027
-0.000573307097
0.000360788067
0.000378383941
0.000569149588
0.00102938014
-4.47468596e-05
-0.000360919604
0.000176466312
0.000409776941
0.000457342183
0.00037850753
0.000241806764
0.000371739592
0.000609627743
0.000452465918
-0.000559870383
-0.000344144474
-0.000395704097
1.35900939e-05
0.000555319511
0.000210389205
0.000144844204
0.000347770647
0.000561076568
-0.000348812381
-0.000242827707
0.000309049467
2.44995882e-05
0.000448028689
-0.00104276711
1.40459431e-05
-0.000155918195
0.000233664644
0.000621428586
-0.00022562231
0.000520041204
-5.99535763e-05
0.000585124334
0.000190557223
0.00043600444
3.85455996e-05
-0.000671509338
0.000221882271
0.000529758197
0.000333602826
-0.000502066439
0.000261647366
-0.000236611692
0.000214157422
-0.000197593108
-0.000444570889
0.000340229424
0.000553015454
0.000355862486
0.000121994225
-0.000171547657
0.000163103301
0.000523106689
0.000281387637
3.93937662e-05
0.000878857068
2.43214793e-05
-0.000251449333
-0.00021689162
0.000691539603
0.000224200397
-6.48577439e-05
-0.000313223985
0.000270645931
2.44192911e-05
0.000147479523
0.00028040071
-0.000536034962
-0.00034375782
0.000357655917
-3.37575344e-05
-0.000258629727
0.00146930416
0.000882254972
0.00040400405
0.000723225012
-0.00030759812
0.000961419421
-0.00079685524
-0.000434168502
0.00123730539
0.00157999553
-5.97702391e-05
0.00029089112
0.000170498904
9.1365975e-05
-0.000716668403
4.26122654e-05
-4.33937516e-05
-0.000100665065
-0.000270167845
0.000266487706
0.00117466635
-5.13554043e-05
-9.07466332e-06
-0.000221313241
4.38589045e-06
-0.000176151277
5.22923812e-05
-0.00012480174
-0.000186175667
0.000404379644
0.000512731961
0.000408763346
0.000532700022
-0.000615078065
-0.000149501372
0.000505462494
-0.000486118819
-0.000195796194
9.98080072e-05
0.000632736048
-0.000252397213
0.000328042805
0.00067363937
-0.000636823878
0.000258217901
-6.07468421e-05
-0.000255137689
0.000135989354
0.000386889098
0.000647277561
-0.000104939193
0.000830629556
0.000394727253
-0.000254963822
-0.000158282622
0.000499029962
7.49315109e-06
0.000113318289
0.000499832326
0.000395856229
0.000129182369
0.000729635187
0.000684914449
-0.000440909475
-0.000328718174
-0.00013529345
0.000214102278
0.00023649441
8.84515628e-05
-0.00039598781
-0.000380547296
6.7581462e-06
1.65103175e-05
3.50852687e-05
0.000320978392
0.000311797206
0.000647939484
-0.000158502818
0.000286686968
3.71993939e-05
0.000145433017
0.00067986488
0.000175617
0.000113737443
0.000426361697
-0.00103097757
-0.000260750854
-5.26216048e-05
0.00024444667
0.000125125132
0.000410955662
-0.000469670988
0.00130150996
0.000562101221
-0.000365604361
0.000581603063
0.000144839775
-0.000340547518
-0.00078675034
0.000829964205
-0.000829409663
-0.00066050685
-0.000516234213
