0.000125963
8.55067e-05
5.21922e-05
-3.97667e-05
1.26457e-05
6.40534e-05
0.000117642
0.000157123
5.91082e-05
2.42383e-05
0.000107446
1.15655e-05
0.000112876
-5.24023e-05
3.5805e-05
2.78367e-05
8.02278e-06
9.32642e-05
8.88459e-06
4.13208e-05
-8.23222e-05
7.09004e-05
9.36035e-06
0.000127128
-9.32606e-05
6.26765e-05
2.3419e-05
0.00012341
6.75719e-05
2.45319e-05
3.92181e-06
5.78514e-05
-6.74174e-05
0.000170124
3.12212e-05
2.6425e-05
0.000133595
-1.20405e-05
7.50858e-05
0.000103426
8.60958e-05
4.31025e-06
8.39355e-05
8.27699e-06
-4.46017e-05
0.000121581
5.85915e-05
4.94096e-05
5.11806e-05
2.74054e-05
8.98544e-05
9.82729e-05
6.73031e-05
0.000102222
8.55057e-05
2.03469e-05
6.21051e-05
5.53533e-05
0.000148545
5.40255e-05
2.45648e-05
8.06791e-05
0.000133414
3.43569e-05
6.27092e-05
7.30473e-05
-2.80087e-05
-1.00015e-05
2.65935e-05
9.9719e-05
0.000106178
9.2126e-05
0.000143944
1.41182e-05
8.94209e-05
0.000123642
9.80993e-05
2.6103e-05
-2.67309e-05
4.96347e-05
0.000107684
0.000105167
6.28385e-05
1.59528e-05
0.000145903
7.48961e-05
8.00911e-05
8.89807e-05
-2.16766e-05
7.65058e-05
5.50635e-05
9.1968e-05
0.000101822
0.00010422
0.000123425
-4.13832e-05
4.28029e-05
4.87012e-05
-1.10984e-05
9.0576e-05
3.80506e-05
4.96961e-05
0.000104157
0.000117621
6.07871e-05
-7.00435e-06
0.000147445
1.1978e-05
6.95501e-05
9.04889e-05
2.114e-05
6.41515e-05
3.29548e-05
-2.1283e-05
3.03206e-05
7.92057e-05
-9.04034e-06
3.54102e-05
3.36702e-05
-3.19549e-06
1.06085e-05
4.87398e-05
4.0767e-05
0.000117626
-1.3762e-05
0.000115019
8.61213e-05
9.31871e-05
-1.79025e-05
4.91736e-05
0.000100822
-1.71181e-05
-2.42496e-05
8.34275e-05
2.28945e-05
4.10276e-05
6.89999e-05
0.000110866
9.48367e-06
1.99692e-05
9.10819e-05
5.8489e-05
8.10534e-05
0.000147198
7.132e-05
1.05278e-06
6.62682e-05
0.000141886
5.35574e-05
1.25496e-05
-1.88547e-05
5.76579e-05
0.000128308
8.41661e-05
4.88559e-06
0.000175407
7.45844e-05
2.24612e-05
2.07304e-05
5.75526e-05
4.69585e-05
2.73176e-05
0.0001145
-3.43112e-05
0.000110978
8.9075e-05
-3.93221e-05
7.9149e-06
8.31524e-06
1.04998e-05
8.20127e-05
3.95886e-05
2.61872e-06
1.84907e-05
2.98424e-06
5.68325e-05
3.30607e-05
9.19923e-05
2.49673e-05
0.000124686
-5.68584e-05
0.000100113
4.18508e-05
-1.33705e-05
4.92076e-05
2.15487e-05
1.46119e-05
1.18751e-05
-3.38345e-05
-9.22434e-06
0.000109047
8.92086e-05
-3.75599e-06
-1.65454e-05
-1.11338e-05
2.32476e-05
2.6517e-05
1.35823e-05
3.04183e-05
0.000133381
5.76502e-05
4.94224e-05
8.23961e-05
7.16902e-05
4.42866e-05
5.54643e-05
3.81695e-05
3.07833e-05
0.000157346
0.000103634
9.35717e-05
2.53598e-05
1.27989e-05
3.13218e-05
2.00399e-05
0.000172502
4.98163e-05
6.82963e-05
-3.47229e-05
0.000113635
5.54286e-05
5.09302e-05
5.87044e-05
6.9502e-06
0.000132813
7.17378e-05
6.45432e-06
-4.99167e-05
2.26637e-05
4.16065e-05
3.74204e-05
7.74752e-05
-2.69468e-05
7.20098e-05
-5.94326e-05
4.58406e-05
-3.26318e-05
7.40953e-05
1.98743e-05
6.51755e-05
2.02166e-05
1.72844e-05
4.50488e-06
3.08982e-05
1.52166e-05
8.29918e-06
3.34795e-05
2.52515e-05
9.33985e-05
8.84208e-05
6.77903e-05
6.51581e-05
-3.68799e-05
5.00474e-05
5.44166e-05
4.5988e-05
3.80899e-05
8.35925e-05
9.28963e-05
5.56563e-05
5.3601e-05
3.13302e-05
-6.15997e-07
0.000133624
5.2812e-05
1.68027e-05
0.000110261
5.90356e-05
-4.3368e-05
7.25201e-05
0.000149217
-3.27632e-05
0.00010084
5.49644e-05
0.000142629
5.66326e-05
6.16795e-05
5.90287e-06
3.43383e-05
1.95342e-05
0.000169438
5.98806e-05
7.46448e-05
-6.11393e-06
3.53139e-05
6.19067e-05
1.59549e-05
1.00886e-05
1.92495e-05
4.45686e-06
0.00010153
5.4063e-05
5.39919e-05
5.46004e-05
1.62458e-05
1.59269e-05
3.51577e-05
-8.04047e-06
-4.14191e-05
2.26014e-05
5.20727e-05
0.000147667
3.58201e-05
6.35663e-05
5.03656e-05
6.59098e-05
1.18622e-05
-3.58776e-05
-3.12091e-06
6.85338e-07
5.86063e-05
-2.14884e-06
2.67414e-05
4.17978e-05
4.00527e-05
6.30475e-05
5.40783e-05
2.94081e-05
8.89509e-05
1.28475e-05
-3.01958e-05
1.98046e-05
-4.71973e-06
3.69435e-07
8.55542e-05
5.54772e-05
0.000103924
4.5626e-06
1.52101e-05
9.1184e-05
9.43234e-05
3.23311e-05
8.82879e-05
0.000101541
5.8404e-05
2.58095e-07
5.01505e-05
8.55502e-05
-1.75519e-05
3.773e-05
5.72935e-05
6.37881e-05
-1.31553e-05
4.30301e-05
1.54204e-05
0.000108866
0.000136376
1.69939e-05
1.58994e-06
8.74869e-05
1.65317e-05
5.21286e-05
6.23879e-05
2.17804e-05
0.000105073
6.48034e-05
-1.32746e-05
6.93468e-05
-1.22364e-05
7.13792e-05
9.26266e-05
0.000102047
4.77881e-05
5.51073e-05
8.5906e-05
8.31635e-05
3.49288e-05
5.10799e-05
0.000115596
8.01198e-05
0.000138526
6.40247e-05
5.06676e-05
-5.36695e-06
9.18995e-05
3.90139e-05
-2.25161e-05
4.10347e-05
6.12088e-05
1.29695e-05
8.48341e-05
7.51196e-05
0.000100715
1.11809e-05
-1.03464e-05
1.96378e-06
1.86639e-05
-5.79392e-05
9.85405e-05
4.24017e-05
8.9222e-05
8.69114e-08
9.1989e-05
5.737e-05
9.60047e-05
8.36412e-05
3.89849e-05
4.64232e-05
9.07914e-05
0.000121792
8.72309e-05
5.46203e-05
2.93156e-05
9.94137e-05
4.43166e-05
8.45568e-05
7.12815e-05
2.66152e-06
0.000111837
7.43065e-06
3.20782e-05
1.77923e-05
6.49273e-05
7.99025e-05
7.36485e-05
4.52024e-05
8.56078e-06
6.76068e-05
1.57955e-05
7.18515e-05
0.000125618
5.35372e-05
-4.34709e-06
7.15047e-05
5.45682e-05
-2.33717e-06
6.43435e-05
5.76422e-05
0.000101922
2.12453e-05
0.000128787
8.79029e-05
7.41987e-05
5.50283e-05
0.000115401
0.000138884
8.71858e-05
4.7546e-05
1.43128e-05
1.15041e-05
4.90153e-05
4.23562e-05
4.47179e-05
7.48605e-05
3.4192e-06
2.58965e-05
9.54328e-05
5.13934e-05
3.03452e-05
0.00010352
-1.60676e-05
1.0126e-05
3.84771e-05
6.84515e-05
4.36218e-05
6.43601e-05
-5.78173e-05
6.553e-05
-4.72724e-05
1.90706e-05
9.01739e-05
5.71392e-05
2.21862e-05
4.05893e-05
0.00010314
-4.38735e-05
8.15343e-05
3.17975e-05
8.13222e-05
2.46665e-05
1.79686e-06
-1.05234e-05
4.82056e-05
2.22317e-05
6.27098e-05
6.76689e-05
8.45933e-05
7.49587e-05
6.94079e-05
7.18765e-05
-2.57291e-05
0.000119759
9.88214e-05
4.76902e-05
0.000105321
2.70473e-05
5.71167e-05
5.42396e-05
2.94204e-05
-2.15202e-05
4.10807e-05
-3.73491e-05
6.54928e-05
8.82425e-05
8.26092e-05
7.0906e-05
2.51379e-05
0.00010843
4.96773e-05
6.76949e-05
-1.61248e-05
-1.31318e-06
2.66151e-05
3.35408e-05
8.27366e-05
1.29577e-06
4.18918e-05
3.40569e-05
6.91702e-05
6.16857e-05
5.52529e-05
-6.05998e-06
0.00016418
4.23215e-05
8.28015e-05
0.000116078
0.000117976
9.61274e-05
4.49785e-05
4.64633e-05
5.91812e-05
9.86272e-05
7.94132e-05
8.32162e-05
9.52227e-05
3.28815e-05
2.81174e-05
7.21909e-06
8.0787e-05
3.85581e-05
8.09292e-05
6.69192e-05
0.00012517
5.69792e-05
9.81864e-05
3.96148e-05
8.60781e-05
5.66558e-05
6.92041e-05
1.85714e-05
9.52453e-05
6.09256e-05
4.12602e-05
-2.19795e-05
1.18765e-05
-1.74294e-05
8.58085e-05
5.94388e-05
7.00317e-05
2.43263e-05
8.3489e-05
-1.88663e-05
7.06772e-05
7.57212e-05
3.29386e-05
-1.68683e-05
7.81638e-05
8.50578e-05
0.000159594
0.00011547
2.60093e-06
2.40804e-05
6.87057e-05
7.94501e-05
1.43965e-05
6.46883e-05
3.11074e-05
6.65451e-05
0.000126128
-1.04784e-05
2.16266e-05
0.000113367
4.30016e-05
4.21706e-05
5.82087e-05
2.12995e-05
1.61615e-05
6.56286e-05
3.52612e-05
9.61626e-05
4.72017e-05
2.16188e-05
4.97693e-05
2.65604e-05
6.21988e-05
0.000103331
2.03538e-05
1.08144e-05
7.378e-05
8.93629e-05
2.07942e-05
7.84163e-05
2.58958e-05
0.000109259
4.51652e-06
7.45028e-06
5.44906e-05
-4.94261e-05
5.83492e-05
2.98405e-05
3.2167e-05
-7.49616e-06
-5.8429e-05
0.000111011
1.09983e-05
5.81052e-05
2.55965e-05
0.000102197
3.71385e-05
5.50145e-05
0.000131401
9.91313e-05
0.000124275
8.88633e-05
9.34094e-05
4.05764e-05
4.47394e-05
2.43121e-05
3.34536e-05
-1.06091e-05
0.000138245
-3.68089e-06
1.52247e-05
5.59664e-05
4.24959e-05
3.2913e-05
9.07102e-05
8.93434e-05
2.49819e-05
5.74038e-05
7.65728e-05
-1.85801e-05
8.80194e-05
4.68285e-05
4.00972e-06
-6.93917e-05
7.60786e-05
3.07883e-05
0.000137955
1.17797e-05
2.60201e-05
5.14429e-05
6.20019e-05
9.33878e-05
-5.18914e-05
9.34796e-05
-1.29445e-05
0.000117655
6.22561e-05
3.91964e-05
1.13132e-05
0.000100224
6.74006e-05
9.17154e-05
-5.49714e-05
6.87579e-05
0.00011173
3.12689e-05
0.000104675
6.82969e-07
-2.52381e-05
2.50417e-05
5.47617e-05
1.58108e-05
0.000144979
6.44424e-05
5.86921e-05
3.4183e-05
9.96363e-05
5.19205e-05
3.69651e-07
6.31687e-06
0.000142631
5.65056e-05
7.39615e-05
-4.53563e-05
4.3582e-05
1.0527e-05
1.98248e-05
0.000106348
4.69233e-05
0.00010985
8.39422e-05
1.22354e-05
2.76637e-05
5.13635e-05
4.53472e-05
4.74751e-05
2.18391e-05
8.26492e-05
0.000105561
8.47849e-05
0.000110602
0.000105266
8.12971e-05
6.18049e-05
-3.4844e-05
6.73276e-05
3.23721e-05
4.17824e-05
-5.03526e-07
4.68379e-05
7.71924e-05
5.43179e-05
6.42431e-05
7.26116e-05
6.72351e-05
-2.98165e-05
5.6164e-05
4.38455e-05
1.02075e-05
6.99051e-05
6.4551e-05
2.13908e-05
0.00011862
7.76482e-05
0.000111886
7.78488e-05
3.13619e-05
0.000142473
-2.27308e-05
6.03798e-05
8.7901e-05
0.000154752
4.19671e-05
5.57608e-05
6.58226e-05
6.67284e-05
8.4902e-05
5.01762e-05
5.0506e-05
5.48727e-05
3.3506e-05
-2.59368e-05
5.05267e-05
-5.98872e-06
9.74516e-05
-3.04486e-06
-2.01587e-05
6.26642e-05
9.28388e-05
2.39157e-05
0.000134427
1.65576e-05
4.76932e-05
6.78654e-05
-1.29168e-05
0.000115286
2.43805e-05
3.69357e-05
4.31669e-05
8.58321e-05
8.8073e-05
0.000141094
7.84791e-05
0.000108674
4.67628e-05
4.1554e-05
4.4466e-05
0.000104355
6.73023e-05
-8.14069e-06
2.14291e-05
2.44049e-05
3.23389e-05
0.000101736
-2.67246e-06
3.33041e-06
6.12975e-05
-3.22758e-05
-1.14987e-05
0.000246427
6.79639e-05
-7.19796e-06
6.07286e-05
8.58726e-05
6.51914e-05
0.000116009
-4.82977e-05
6.59617e-05
8.78836e-05
9.54238e-05
8.08674e-05
-4.41693e-05
-3.76382e-05
-1.2946e-05
0.000111226
7.33325e-05
8.34339e-05
1.1973e-05
0.000103221
0.000129277
4.61001e-06
6.6898e-05
-2.04534e-06
7.57016e-05
4.45839e-05
2.05354e-05
5.37432e-05
7.16802e-05
1.87173e-05
8.51058e-05
8.02449e-06
-4.40232e-06
0.000112572
0.000132552
2.33529e-05
1.80384e-06
0.000112843
3.08504e-05
6.77631e-05
0.000152774
7.12861e-05
7.18753e-05
1.50681e-05
3.34898e-05
8.43575e-05
8.62128e-05
7.14334e-06
3.34146e-05
6.18958e-05
3.16882e-05
8.14615e-05
2.73654e-06
4.00407e-05
0.000145562
0.000125809
3.85089e-05
5.68614e-08
4.60554e-05
4.24476e-05
-2.65215e-05
1.84445e-05
3.22222e-06
0.000207164
0.000107812
6.14687e-06
2.18191e-05
5.03053e-05
4.49406e-05
0.00010895
-4.28808e-06
5.10755e-06
8.70908e-05
-3.97148e-05
4.16893e-05
0.000107923
7.73036e-05
1.91452e-05
3.94412e-05
6.3636e-05
3.60075e-05
2.17827e-05
0.000134919
6.62745e-05
9.81615e-05
2.47024e-05
6.88368e-05
3.32771e-05
7.92427e-05
7.35834e-05
0.000110286
7.81962e-05
6.5753e-05
6.68323e-05
4.71108e-05
0.000107687
5.95678e-05
2.64936e-06
4.66678e-05
7.05822e-05
0.000104581
0.00012386
4.90963e-05
0.000116702
1.28396e-05
-2.62678e-05
4.86464e-05
8.36395e-05
1.11443e-05
5.24265e-06
0.000143454
0.00011445
5.68032e-05
0.000100846
2.40735e-05
-5.83279e-06
2.31973e-05
5.24164e-05
1.65865e-06
2.21055e-05
0.000151134
0.000118517
4.36715e-05
7.74559e-05
-9.27709e-06
5.81793e-05
8.25885e-05
5.18628e-05
9.59211e-05
7.46774e-05
0.000138164
2.97631e-05
4.67782e-05
0.000103817
2.28715e-05
0.000117672
2.19899e-05
1.43045e-05
3.55167e-05
8.42244e-05
1.89367e-05
7.38669e-05
6.94761e-05
9.829e-05
-1.5939e-05
9.64865e-05
3.5451e-05
3.51188e-05
9.49027e-05
5.51326e-05
9.24095e-05
0.000117032
8.27061e-05
5.95146e-05
4.3514e-05
4.97871e-05
7.18252e-05
8.84302e-05
-2.9296e-06
7.18622e-05
1.60898e-05
3.0364e-05
2.06278e-05
-1.45048e-05
7.40453e-05
2.88909e-05
4.36226e-05
3.6373e-05
8.83766e-05
1.8695e-05
-2.28505e-05
3.43251e-06
3.80079e-05
2.71784e-05
0.000125521
9.85964e-05
7.3429e-05
0.000111672
4.85985e-05
2.22089e-05
4.22643e-05
9.08564e-05
2.04329e-06
-1.13717e-05
-2.10339e-05
3.04749e-05
0.000119213
0.00011876
9.39954e-05
1.64007e-05
2.35191e-05
1.88451e-05
3.43137e-05
-7.70355e-05
8.10549e-05
7.75368e-05
2.87697e-05
1.76651e-05
1.45952e-05
5.3018e-05
0.000120624
3.25752e-05
1.74324e-06
-2.8586e-05
8.13495e-05
1.63397e-05
6.39325e-05
3.07752e-05
1.02158e-05
5.74712e-05
5.22125e-05
0.000111344
9.3245e-05
6.11661e-05
5.94374e-05
3.71099e-05
4.41611e-06
1.55015e-05
0.000125835
4.02242e-05
8.56104e-05
2.28095e-05
7.3456e-05
7.11369e-05
3.25145e-05
7.91424e-05
3.33281e-05
8.51419e-05
-1.33374e-05
-1.41017e-06
7.48852e-05
0.000113655
1.45188e-05
9.74841e-05
0.000124116
3.63416e-05
9.295e-05
1.74459e-05
5.26516e-05
3.83542e-05
9.53911e-05
6.47825e-05
2.20381e-05
-6.96286e-06
1.42573e-05
1.16649e-05
4.21923e-05
7.83462e-05
6.28581e-05
6.84343e-05
7.00138e-05
0.00010586
3.3405e-05
0.000108899
4.55906e-05
2.24387e-05
4.9673e-05
-6.46126e-05
9.21426e-05
-4.76335e-06
0.000136949
6.09511e-05
4.42374e-05
9.49711e-05
3.93882e-05
6.10138e-05
3.74328e-05
5.07627e-05
3.3441e-05
5.46583e-05
0.000144638
4.21472e-05
0.000109646
-3.70908e-05
5.36414e-05
2.89405e-05
0.000150172
4.44053e-05
-6.01739e-06
5.64716e-05
3.81785e-05
0.000110465
5.99236e-05
0.000142041
5.38456e-05
-1.53109e-05
0.000132415
7.72981e-05
6.06102e-05
5.10567e-05
5.14676e-05
-5.06527e-05
0.000107619
4.92755e-05
7.80507e-05
-1.85629e-05
0.000103627
0.000102482
-2.52732e-05
0.000140685
8.13079e-05
2.19108e-05
1.13656e-05
1.27858e-05
5.93905e-05
-2.02451e-05
5.46219e-05
7.00413e-05
4.85332e-05
2.86972e-05
5.38391e-05
3.75645e-05
6.56059e-05
-5.83264e-05
7.43104e-05
2.16516e-05
0.000123462
9.96942e-05
7.8702e-05
4.95802e-05
9.39492e-05
0.000191888
6.23309e-05
9.59467e-05
4.03741e-05
7.98346e-05
9.61732e-05
2.32301e-06
-8.57619e-06
0.000119309
6.58121e-05
8.16217e-05
8.95489e-05
8.17842e-05
9.79766e-05
0.000111729
3.04986e-05
0.000101752
4.12629e-05
0.000148158
6.73587e-05
-4.69556e-05
4.06196e-06
4.64892e-05
9.28195e-05
2.93879e-05
6.01982e-05
5.14302e-05
6.84207e-05
6.41142e-05
2.66276e-05
4.86357e-05
7.3823e-05
7.49932e-05
9.71741e-05
-9.85297e-06
0.000131596
0.000127727
8.14595e-05
-7.94531e-06
3.13035e-05
4.19057e-05
-4.56229e-05
5.96512e-05
5.22198e-05
9.26843e-05
0.000151936
3.33788e-05
4.54141e-05
-6.41748e-05
-6.5203e-05
2.44582e-05
-4.82094e-05
1.53677e-05
-3.55171e-05
0.000121386
3.96342e-05
0.000117838
5.01393e-05
8.57825e-05
8.60152e-05
0.000103345
0.000114594
-2.6366e-05
9.96174e-05
0.000114607
7.91869e-05
3.9393e-05
7.49581e-05
6.34894e-05
7.55333e-05
7.04178e-05
0.00010764
1.86357e-06
8.54339e-05
0.000113593
3.39672e-05
3.94939e-05
4.97892e-05
0.00010836
0.000127051
8.80446e-06
-8.22114e-07
0.000117197
4.35648e-05
-2.87409e-05
4.47388e-05
7.94338e-05
4.06206e-05
9.49072e-05
-4.53881e-06
0.000102084
4.11382e-05
3.47131e-05
-1.35287e-05
-1.28256e-05
3.76226e-05
9.64575e-06
-8.9425e-06
2.04109e-05
9.70526e-05
1.03113e-05
1.68175e-06
5.72821e-05
8.5918e-05
-2.30912e-05
1.53092e-05
-5.82763e-06
7.36022e-05
1.56705e-05
-1.81843e-05
9.85634e-05
1.3217e-05
6.96384e-05
0.000101142
5.57325e-05
0.000104462
4.60979e-06
6.11363e-05
5.05992e-05
0.00011363
-3.24075e-05
0.000117892
6.31314e-05
8.46631e-05
-8.27056e-05
7.51774e-05
3.77055e-05
7.01826e-05
-1.63883e-05
-1.97013e-05
9.14923e-05
4.7728e-05
0.000103805
0.000121167
2.45456e-05
0.000117398
7.10884e-05
3.48827e-05
7.19834e-05
1.49101e-05
2.99761e-05
7.35658e-05
5.60699e-05
4.49065e-05
-3.72173e-05
0.000108456
8.41346e-05
3.45584e-06
0.000104962
5.46869e-05
5.30129e-05
0.000101931
5.30185e-05
5.59244e-05
7.4116e-05
2.87143e-05
3.19289e-05
9.24593e-05
7.98334e-05
0.000162054
2.59732e-06
5.51812e-05
9.30262e-06
-2.10165e-05
0.000105425
6.08949e-05
3.68248e-05
7.68042e-05
6.80009e-05
0.000141595
9.89443e-05
1.49777e-05
4.10818e-05
4.12059e-05
1.45266e-06
8.78012e-05
6.11483e-05
9.21165e-05
9.01019e-05
2.50784e-05
8.96141e-05
0.000121881
0.000136671
2.46888e-05
9.11103e-05
2.68609e-05
9.26505e-05
8.94753e-05
3.47593e-05
2.0776e-05
2.94652e-05
3.32024e-05
7.07917e-06
7.09338e-05
9.17032e-05
0.000152894
7.59341e-06
4.96711e-05
1.89876e-05
0.000111671
8.33782e-05
1.28043e-05
9.98603e-05
0.000125345
5.77752e-05
9.54794e-05
-7.0338e-06
2.42455e-05
5.83031e-05
1.55521e-05
8.30803e-05
0.00016825
-3.47677e-05
-1.57344e-05
-9.6477e-08
7.2922e-05
5.63239e-05
3.85826e-05
8.81216e-05
5.42892e-07
0.000124517
-1.40431e-05
1.72711e-05
2.78718e-05
9.10934e-05
0.000124245
-2.8091e-05
4.35046e-05
5.76691e-05
4.71175e-05
5.60531e-05
3.00257e-05
1.83647e-05
3.71845e-05
4.54051e-05
3.28136e-05
1.06726e-05
6.66176e-05
2.94962e-05
8.7725e-05
9.44016e-05
4.78154e-05
2.64975e-06
-4.99779e-06
-3.56418e-05
8.24555e-05
0.000102855
3.75234e-05
4.91701e-05
7.33422e-05
8.46408e-05
4.45872e-05
3.54573e-05
7.84382e-05
-5.17813e-05
0.000142868
0.000191013
6.4236e-05
8.35447e-05
-8.05901e-06
1.54088e-05
7.73043e-05
0.000174878
9.65145e-05
7.64826e-05
7.29275e-05
-3.53254e-06
8.07669e-05
3.01002e-05
5.2861e-05
3.85157e-05
2.02244e-05
8.27155e-05
8.70624e-05
6.13811e-05
8.23997e-05
3.50079e-05
0.000116071
8.96498e-05
-3.00554e-05
-1.35535e-05
4.01687e-05
2.55855e-05
6.66516e-05
3.96806e-06
3.47787e-05
-1.08591e-05
0.000146956
-4.20834e-05
3.41987e-05
6.64712e-05
4.28361e-05
9.02033e-05
4.93606e-05
8.78484e-05
8.25696e-05
3.67208e-05
0.000136081
5.02931e-05
5.58961e-05
0.000116006
5.38053e-05
9.39238e-05
0.000107664
4.34234e-05
4.51145e-05
1.3535e-05
3.36103e-06
9.0329e-05
2.54556e-05
6.03819e-05
4.32237e-05
7.18273e-05
9.82086e-05
3.3758e-05
3.44652e-05
1.74305e-06
3.14396e-05
4.84846e-05
5.28356e-05
6.26734e-05
0.000136326
7.40077e-08
5.48124e-05
4.93676e-05
8.27605e-05
4.44405e-05
2.69754e-06
3.76834e-05
1.85148e-05
6.98384e-05
0.000117818
8.78555e-06
0.000130005
3.4278e-05
8.16468e-05
-2.13657e-05
7.73438e-05
1.0651e-05
4.49611e-05
1.61188e-05
2.32137e-05
2.63361e-05
3.90523e-05
-1.91373e-06
8.37114e-05
0.000104312
7.06767e-05
0.000112527
1.65312e-05
1.3222e-05
7.02116e-05
3.69151e-05
-2.27127e-05
3.02437e-05
5.4788e-05
0.000155604
7.3122e-05
3.72512e-05
-5.52221e-06
4.74236e-05
3.40445e-05
0.000114217
5.51175e-05
-1.65172e-05
3.22485e-05
0.000105066
8.98969e-05
0.000108408
8.93383e-05
-1.51245e-05
5.50152e-05
1.8255e-06
4.66719e-05
8.03565e-05
8.42244e-05
2.84235e-05
0.00011718
3.28589e-05
5.33739e-05
0.000121511
-5.03508e-05
3.89422e-05
-1.57933e-05
5.44064e-05
0.000131957
7.43041e-05
-3.09839e-05
5.93663e-05
1.44418e-05
-3.23947e-06
7.47931e-05
8.17366e-05
6.34521e-05
9.24663e-05
6.80843e-05
4.47549e-06
3.4826e-05
1.7076e-05
4.69755e-05
8.07024e-05
6.71611e-06
0.000130925
4.92669e-05
3.98551e-05
2.18781e-05
4.73182e-05
3.36372e-05
0.00016061
1.43727e-05
6.09688e-05
5.02426e-05
2.71443e-06
6.2519e-05
0.00010386
1.42644e-05
0.000103318
2.3154e-05
-3.41664e-07
1.11459e-05
3.20286e-05
3.35663e-05
0.00011451
6.34812e-05
-1.97741e-05
8.45906e-05
4.18003e-05
-3.51214e-05
0.00015718
7.41619e-05
4.71158e-05
2.20223e-05
0.000161153
2.09507e-05
-0.000112041
5.99701e-05
9.22183e-05
3.21487e-05
8.05071e-06
6.15164e-05
-3.46363e-06
1.6844e-05
4.27431e-05
8.69274e-05
0.000176913
8.41438e-05
1.0021e-05
1.61316e-05
4.18309e-05
6.35916e-05
0.00012739
0.000114027
-1.09423e-05
6.26257e-05
-1.01628e-05
0.00013401
9.21874e-06
0.000138454
0.000117028
7.96031e-05
5.14389e-05
3.50931e-05
7.81657e-05
3.77106e-05
4.44785e-05
5.88381e-05
5.62057e-05
7.45235e-05
3.52904e-05
7.41434e-05
9.64219e-05
3.10395e-05
9.59421e-05
9.10566e-05
4.55773e-05
0.000104396
-9.50461e-05
3.79699e-05
8.15011e-05
8.66046e-05
5.45192e-05
2.39885e-05
0.000116421
-1.91185e-06
3.74141e-05
2.98443e-05
6.24649e-05
8.49867e-05
-6.18773e-05
5.77156e-05
5.28298e-06
2.87366e-05
6.15513e-05
2.74062e-05
-5.95335e-05
2.73538e-05
3.11174e-05
3.93175e-05
-3.48359e-05
0.000129821
4.5594e-05
9.24709e-05
3.45738e-05
7.00019e-05
4.43027e-05
0.000102163
7.98289e-05
5.38477e-05
-1.174e-05
2.84417e-05
7.76387e-05
0.000113517
2.10096e-05
7.83649e-05
0.000146178
2.28879e-05
9.90089e-05
0.000110681
5.99738e-05
6.76363e-05
6.39454e-05
5.75662e-06
4.25583e-05
0.000109133
0.000112496
4.42599e-05
6.94656e-05
4.41144e-05
-6.40252e-06
-7.2761e-05
6.96671e-05
0.000132425
0.00017384
0.000113494
9.35206e-05
0.000113019
0.000107259
0.000102755
3.07994e-05
-5.17023e-06
1.2503e-05
0.00014918
-2.94401e-05
9.46143e-05
6.99639e-05
0.000143681
3.4597e-05
-8.7366e-05
0.000103385
3.08856e-05
9.54916e-05
9.58523e-06
1.89586e-05
5.19684e-05
3.26682e-06
4.75152e-05
3.03549e-05
9.91513e-05
9.19868e-05
1.38946e-05
-4.08305e-05
2.2604e-05
3.68809e-05
5.43348e-05
2.70607e-05
5.53696e-05
1.34275e-05
1.03761e-05
7.46825e-05
-2.04826e-06
5.05087e-05
2.40225e-05
7.92543e-05
1.29098e-05
1.12856e-05
4.87694e-05
7.50645e-05
8.7094e-05
0.000159089
-1.17729e-05
7.64579e-05
0.000132705
-1.59034e-05
1.90688e-05
-2.14003e-05
0.000148935
3.71844e-05
2.52673e-05
4.14417e-05
1.58726e-05
5.1273e-05
0.000160983
-7.26537e-06
-1.04912e-06
4.80033e-05
9.68549e-06
2.92192e-05
6.864e-05
3.74353e-05
7.53904e-05
5.64039e-05
1.13058e-05
5.88564e-05
3.97036e-05
0.000106848
3.71306e-05
8.36947e-05
6.97036e-05
0.000130895
4.87088e-05
1.73169e-05
3.39037e-05
0.000115278
0.000147506
-2.03003e-06
0.000115227
0.000101469
2.87752e-05
2.98983e-05
5.47775e-06
-3.9124e-05
6.88508e-05
-1.31279e-05
9.43008e-05
0.000101076
3.52604e-05
2.35161e-05
6.24323e-06
-3.55274e-05
5.35279e-05
-2.14711e-05
9.83726e-05
-2.51802e-05
0.000102544
3.2643e-05
7.56633e-05
9.44123e-05
0.000139441
7.25157e-05
4.1454e-05
6.36003e-05
8.30692e-05
5.62681e-05
0.000114634
3.38706e-07
0.000123937
4.46583e-05
6.42909e-05
3.58056e-05
8.58252e-05
-7.12418e-06
0.000141675
9.41344e-05
9.25155e-05
8.48977e-05
9.32125e-05
5.13425e-05
9.96284e-05
7.70316e-06
6.95524e-05
6.358e-05
6.17214e-05
6.83064e-05
7.22788e-05
9.83591e-05
6.65827e-05
2.22362e-05
5.07429e-05
-2.1484e-05
7.60827e-05
0.000114818
6.92359e-05
8.31126e-05
8.21474e-05
7.63441e-06
2.82551e-05
-4.28546e-05
7.64694e-05
3.97771e-05
8.89056e-05
2.64097e-05
9.58952e-05
0.000133994
2.25545e-05
6.47371e-05
4.78383e-05
7.50585e-05
0.000143505
-2.15511e-05
2.00523e-05
-1.9633e-05
8.89463e-05
-2.10537e-05
3.24055e-05
1.48744e-06
5.52166e-05
3.4678e-05
2.44182e-05
9.04427e-05
0.000134689
6.87823e-05
0.000128904
3.76855e-05
0.000104056
6.81112e-05
8.71424e-05
9.9604e-05
0.000153248
8.50069e-05
5.52854e-05
4.53985e-05
9.96653e-05
-9.41237e-06
7.82269e-06
9.49759e-05
0.00010934
9.21922e-05
9.98625e-06
3.95781e-05
4.05212e-05
0.000115277
6.64575e-05
8.78525e-05
1.6417e-05
6.76644e-05
8.32275e-05
0.000136
-6.70944e-05
5.68704e-05
3.41199e-05
2.06691e-05
1.40742e-05
8.93552e-05
-3.27098e-05
0.000110415
4.07021e-05
0.000101672
6.4883e-05
0.00010421
5.89238e-05
7.49059e-05
5.26052e-05
5.65532e-05
5.75777e-05
8.87575e-05
7.75091e-05
0.00014264
5.84175e-05
5.60337e-06
5.56668e-05
2.16269e-05
0.000138617
6.57458e-05
3.24649e-05
0.000140725
2.21847e-05
0.000108626
9.04829e-05
0.000113375
9.72636e-05
0.000103649
7.37264e-05
8.97228e-05
6.50531e-05
4.79068e-05
-4.95756e-05
9.57374e-05
0.000138721
5.17946e-05
0.000141308
0.00016503
4.05698e-05
7.79556e-05
0.000118564
8.06131e-05
9.99323e-05
2.10886e-05
5.47286e-06
2.02872e-06
2.51849e-05
6.98651e-05
6.58081e-05
7.74895e-05
-5.48841e-07
4.74676e-05
6.81577e-05
8.66477e-05
8.6822e-05
0.000150406
0.000132561
9.88433e-05
5.88607e-05
1.08432e-05
0.000126431
0.0001581
2.95718e-05
7.54075e-05
-3.80121e-05
8.66202e-05
1.89587e-05
0.000161406
2.34074e-05
0.000104005
1.65192e-05
6.17667e-05
8.38676e-05
7.45408e-05
0.000113507
3.99083e-05
0.000100747
0.000148993
9.88934e-05
1.36392e-05
6.02727e-05
-2.05617e-05
7.19782e-06
8.72409e-05
-2.37484e-05
2.43595e-05
0.000102873
9.66869e-05
6.39146e-05
4.36674e-05
4.15169e-05
0.000117043
4.23044e-05
2.51182e-05
2.78229e-05
8.49608e-05
7.11884e-05
-4.17521e-06
8.17486e-05
3.03528e-05
9.17017e-05
2.06616e-07
6.56376e-05
6.02739e-05
0.000110418
6.55601e-05
2.07746e-05
7.60746e-05
0.000102801
-3.04497e-06
7.28596e-05
8.89658e-05
4.57807e-05
-1.93944e-05
-3.70821e-06
6.79897e-05
9.16411e-05
1.75583e-05
5.66646e-05
4.69804e-05
6.78237e-05
7.15244e-05
-1.6183e-05
2.14611e-05
5.75169e-05
-2.50467e-07
3.42317e-05
7.55713e-05
0.00010333
5.49835e-05
9.27306e-05
6.66636e-05
5.37201e-05
1.74382e-05
3.94714e-05
4.22762e-05
-1.38894e-05
5.3454e-05
8.34421e-05
0.000170157
5.04645e-05
4.16867e-05
-1.62314e-05
5.60439e-05
8.0761e-05
0.000120633
2.69357e-05
8.85943e-05
8.95247e-05
0.000130585
6.20013e-05
9.92465e-05
0.000133993
4.73485e-05
9.48732e-05
-2.36702e-05
6.11413e-05
0.000113028
0.000133261
6.99576e-05
3.11647e-05
0.000110321
8.80155e-05
3.28656e-05
7.57333e-05
1.41471e-05
9.90291e-05
0.00010714
8.94282e-05
7.02944e-05
6.99087e-05
2.89981e-05
7.81847e-05
3.30432e-05
9.12151e-05
3.6658e-05
-1.26554e-05
0.000128211
9.81175e-05
3.38807e-05
2.77853e-05
2.26337e-05
1.99083e-05
3.2951e-05
4.74623e-05
9.03257e-05
5.18132e-05
2.57095e-06
1.85178e-05
3.24642e-05
4.48479e-05
6.37199e-05
6.39799e-05
-2.49057e-05
0.000115555
8.61761e-05
4.6679e-05
0.000115883
3.87552e-06
7.2871e-05
5.04931e-05
0.000109599
8.06157e-05
0.00011812
8.64628e-06
0.000139748
-4.16322e-05
-1.1245e-05
9.39048e-05
6.46933e-05
2.33398e-06
6.24202e-05
3.78682e-05
0.000182572
1.39886e-05
0.000120619
8.36849e-05
3.98041e-05
0.000119277
9.02283e-05
9.29429e-05
0.000114939
4.03116e-05
0.00010574
2.89566e-05
7.1364e-05
3.25341e-05
3.23896e-05
8.31816e-05
3.21102e-05
0.00011094
0.000112446
0.000162806
0.00013696
7.25514e-05
0.000127125
-6.2763e-06
1.03884e-05
0.000119262
-3.61508e-05
9.2628e-05
7.15225e-05
2.91287e-05
-1.76242e-05
6.18205e-05
0.000127594
5.01609e-05
0.000104376
0.000100121
7.40193e-06
6.20987e-05
-1.99085e-05
5.7313e-05
-4.23087e-06
8.72326e-05
3.25947e-05
3.81383e-05
7.50957e-05
1.04587e-05
-3.54117e-05
0.000112328
3.58119e-05
4.05424e-05
2.9904e-05
-2.09249e-05
0.000126569
7.67487e-05
0.000128978
9.85671e-05
4.20165e-05
4.27741e-05
5.71994e-05
5.87473e-05
6.51259e-05
3.11532e-05
1.82184e-05
7.35481e-05
8.05279e-05
8.6042e-05
-1.41459e-05
5.19354e-05
4.98238e-05
7.68789e-05
0.000113126
4.04011e-05
6.72784e-05
1.22984e-05
0.000134236
5.75346e-05
-1.85018e-05
3.35944e-05
-3.8061e-05
-1.92899e-05
7.51353e-05
0.000160069
3.30393e-05
6.37708e-05
3.53233e-05
2.67635e-05
-3.44982e-06
8.98102e-05
6.95204e-05
2.57297e-05
0.00012883
-3.69305e-05
8.46132e-05
4.88325e-05
0.000127839
4.04248e-05
-1.97545e-05
6.98788e-05
5.13507e-06
4.31692e-05
6.70562e-05
-1.43271e-06
7.16844e-05
5.50881e-05
6.16094e-06
5.19542e-05
8.654e-05
4.32563e-05
4.88547e-05
4.42197e-05
6.18498e-05
-2.19186e-05
8.47959e-05
8.43184e-05
2.51594e-05
1.03087e-05
4.00162e-05
8.58718e-05
7.33451e-05
5.83391e-05
5.15183e-06
8.07566e-05
5.27158e-05
4.51731e-06
0.000117618
1.50558e-05
9.2069e-05
0.000146449
0.000115446
0.000120328
7.8687e-05
8.71607e-05
-1.82232e-05
0.000120797
1.65297e-05
4.00277e-05
-2.09868e-07
2.65177e-05
1.64623e-05
9.20367e-05
1.07925e-05
4.6698e-05
4.92397e-05
7.4093e-05
2.71427e-05
2.0306e-05
9.00742e-05
2.91437e-06
0.00012574
-6.45216e-05
1.6149e-05
9.92422e-05
1.1639e-05
-7.68121e-06
5.60633e-06
-1.87071e-06
8.38802e-05
6.40923e-05
6.61474e-06
6.0896e-05
-1.11687e-05
2.31404e-05
7.80322e-05
1.05773e-05
6.03794e-05
5.58644e-05
7.96693e-05
3.40034e-05
9.18311e-05
0.000112149
5.40226e-05
4.5845e-05
6.60291e-05
8.89705e-05
0.000105871
0.000154579
4.2194e-05
6.9158e-05
7.49001e-05
-4.18511e-05
7.92052e-05
9.62009e-05
2.44527e-05
0.000121331
0.00013207
0.000113
2.35036e-05
1.78896e-05
4.51693e-05
1.31176e-05
1.9709e-05
0.000121212
4.55177e-05
7.42501e-05
7.733e-05
2.89735e-05
9.11668e-05
2.1441e-05
2.65952e-05
3.65e-05
0.000112213
8.36709e-05
-2.19807e-05
7.70841e-05
-3.18391e-05
9.74728e-05
9.55053e-05
-1.88071e-05
3.00177e-05
0.000107827
0.00012975
8.52428e-05
0.000111941
4.85915e-05
3.56366e-05
6.67552e-05
-2.30489e-05
1.50135e-05
9.02133e-05
7.93397e-05
8.75278e-05
0.00011139
4.92173e-05
1.52664e-05
7.93408e-05
8.45103e-05
8.55594e-05
4.8705e-05
-1.27448e-05
-8.33114e-05
4.98396e-05
7.68179e-05
1.94922e-05
8.95438e-05
-6.26438e-06
7.59305e-05
-1.4915e-05
2.91751e-05
2.45148e-05
9.48136e-06
7.84229e-05
-6.10057e-05
8.31738e-05
0.000121948
-1.37075e-06
8.03347e-05
8.20932e-05
0.000137877
2.66254e-05
4.61723e-05
2.51526e-05
0.000121124
-8.32562e-05
2.53696e-05
4.46337e-05
7.7541e-05
9.9778e-05
0.000103363
5.77738e-07
8.14104e-05
0.000100462
5.46391e-05
1.63461e-05
3.35767e-07
-4.78984e-05
2.38927e-05
9.07969e-05
0.000140341
0.000113365
0.000136419
4.31943e-05
1.40724e-05
3.93937e-05
-7.4248e-06
-4.84951e-05
9.05412e-05
6.09097e-05
6.94246e-05
-4.21695e-07
4.02559e-05
6.77943e-05
7.52958e-06
2.56076e-05
-1.48834e-05
3.95126e-05
4.60326e-05
5.61408e-05
-2.04827e-05
9.4052e-05
0.000129081
4.10396e-05
8.71204e-05
4.30238e-05
8.61325e-05
6.97008e-05
5.12358e-06
1.38737e-05
9.02329e-05
7.45222e-05
8.64413e-05
-6.39188e-09
3.75578e-05
6.11871e-05
3.47716e-06
2.67932e-06
0.000116861
1.23168e-05
4.88626e-05
-2.41514e-05
8.85419e-05
0.000131722
0.000126606
0.000130224
0.000126447
9.69547e-05
0.000164302
7.58956e-05
4.29906e-05
5.73256e-05
7.55952e-05
-4.28748e-05
5.05663e-05
4.18527e-05
8.25855e-05
1.53217e-05
7.79831e-05
-3.6881e-05
1.86321e-05
0.000130154
5.72116e-05
0.000162974
0.000102981
4.64969e-05
1.76589e-05
-1.23964e-05
3.60227e-05
-4.13322e-05
6.81993e-05
3.70428e-05
8.2947e-05
3.10087e-05
3.91374e-05
6.00288e-05
6.5708e-05
9.99348e-05
0.000101031
1.32802e-05
3.31695e-05
9.54292e-05
-1.07629e-05
0.000151654
4.26681e-05
0.000113785
-1.63238e-05
7.62685e-05
8.87102e-05
8.82607e-05
6.05404e-05
4.67523e-06
-3.55576e-05
5.95855e-05
1.88614e-05
4.14781e-05
0.000129334
4.77464e-05
-1.87501e-05
0.000128335
5.68009e-05
4.52727e-05
4.59218e-05
2.48459e-05
-1.58182e-05
4.04394e-05
4.91314e-05
0.000114599
8.48526e-05
3.28675e-05
6.01821e-05
5.93373e-06
7.53555e-05
6.72941e-05
2.33799e-05
5.72129e-05
-1.60693e-05
8.43238e-06
-1.58801e-05
-1.68345e-05
1.77003e-05
7.75966e-06
5.94405e-05
6.76231e-05
0.000134301
7.42949e-05
0.00018552
0.000127672
3.07476e-05
-4.22754e-05
-1.10715e-05
3.89571e-05
7.73424e-05
-2.64374e-05
0.000105249
1.82345e-05
3.43349e-05
1.76421e-06
2.64708e-05
2.73874e-05
6.93219e-05
9.40926e-05
7.85752e-05
3.32893e-05
5.70934e-05
7.64321e-05
-3.40911e-05
7.37187e-05
1.28267e-06
2.4607e-05
8.07325e-05
0.000134148
-9.68668e-06
7.50951e-05
0.000105666
1.56909e-05
3.26369e-06
2.95465e-05
3.07608e-05
5.22267e-05
9.45487e-05
-3.45963e-06
4.8001e-05
7.51388e-05
3.25336e-05
1.11331e-05
4.9755e-05
4.57806e-05
5.33105e-05
0.000119529
6.98166e-05
2.90538e-05
6.67603e-05
6.34418e-05
9.89513e-06
-1.30721e-05
7.34819e-07
1.80203e-05
7.55873e-05
4.32585e-05
2.56654e-05
7.82236e-05
3.54943e-05
4.29576e-05
8.85444e-05
4.49348e-05
0.000133408
9.3112e-05
0.000111503
9.8026e-05
6.43436e-05
1.58805e-05
-6.05936e-06
-1.30054e-06
5.66742e-05
6.76288e-05
8.16485e-05
1.87263e-05
-3.01674e-05
3.79937e-05
4.87257e-05
9.49265e-05
5.7935e-06
4.04006e-05
0.000104318
-1.05105e-05
4.65471e-05
5.97256e-05
0.0001006
4.18957e-05
9.69831e-05
4.76234e-05
5.19691e-05
6.20081e-06
1.15479e-05
2.02362e-05
5.09203e-05
-8.61269e-06
1.46669e-05
0.000124742
1.0563e-05
6.5244e-05
5.25722e-05
-5.11759e-06
8.54508e-05
-3.32957e-05
4.58577e-05
5.14745e-07
4.2895e-05
7.11387e-05
0.00014255
-3.34215e-06
-6.0184e-06
3.64051e-05
2.647e-05
-3.27166e-05
-7.08328e-06
2.653e-05
6.41986e-05
4.13068e-05
8.79725e-05
6.30573e-05
-4.07613e-06
0.000123623
5.54301e-05
5.73014e-05
4.61649e-05
-4.15501e-05
3.49128e-05
-8.41527e-06
-5.51363e-05
4.73531e-05
8.9301e-05
4.28356e-05
0.000104708
3.59604e-05
5.77587e-05
2.28094e-05
6.99438e-05
1.49117e-05
2.20263e-05
-1.59327e-05
7.88521e-05
0.00021346
0.000101335
7.10044e-05
9.05952e-05
3.9616e-05
1.91332e-05
7.8211e-05
7.4589e-05
6.62286e-05
3.53989e-05
7.3718e-05
0.000139057
2.62585e-05
7.94276e-05
5.61125e-05
2.22709e-05
-4.40629e-06
-7.27421e-05
4.00152e-07
5.35971e-05
7.1034e-05
6.94824e-06
9.72121e-05
7.75344e-05
7.85861e-05
5.77784e-05
6.29802e-05
0.000113838
9.20146e-05
-1.52937e-05
-4.14216e-05
-1.06214e-05
-2.06456e-05
-5.1087e-05
3.66093e-05
9.91204e-05
9.17633e-05
3.55904e-05
3.82031e-05
7.54924e-05
0.00011803
5.49037e-05
2.12322e-05
-1.86027e-05
-9.60813e-06
-1.63408e-05
8.4884e-05
0.000100081
4.52479e-06
-5.36954e-05
8.59534e-05
7.71144e-05
4.2999e-05
0.000100972
1.42546e-05
3.83141e-05
1.55281e-05
3.3218e-05
3.41407e-05
7.05073e-05
6.39955e-05
3.7243e-05
6.03234e-05
0.000163246
-1.12745e-05
0.000131102
1.29675e-05
1.42159e-05
6.72638e-05
9.74109e-05
9.39861e-05
4.6813e-05
0.000130824
9.49598e-05
7.07149e-05
0.000172574
2.85036e-05
5.15668e-05
3.50121e-05
6.28947e-05
6.89843e-06
5.98473e-05
-2.46888e-05
0.00012612
9.0029e-05
1.72876e-05
4.57367e-05
-2.71896e-05
9.40299e-06
3.64822e-05
0.00010931
7.29661e-05
4.61876e-05
1.05988e-05
1.76114e-05
3.75227e-05
-1.63012e-05
0.00013659
3.08608e-05
9.92966e-05
3.95573e-05
-1.32299e-05
2.1304e-05
0.000108748
9.85285e-05
8.85762e-05
8.59361e-05
1.49797e-05
-2.62035e-05
6.62657e-05
7.8275e-05
6.07246e-05
2.35481e-05
4.85659e-05
8.43051e-05
5.05042e-05
5.62341e-05
-5.05097e-06
3.19081e-05
9.11718e-05
4.22956e-05
1.69053e-05
3.83511e-05
3.03001e-05
8.86061e-05
9.37128e-05
1.79768e-05
2.93808e-05
0.000120797
3.8412e-05
-3.68369e-05
8.0928e-05
-3.38339e-05
5.37975e-05
2.86637e-05
-3.23259e-05
1.99305e-05
-5.13834e-06
1.49266e-05
1.68961e-05
0.000105063
4.61613e-05
-9.37068e-06
5.63265e-05
0.000121741
-3.3215e-05
-4.69655e-05
0.000136267
-2.03968e-05
1.04434e-05
0.000115663
4.77781e-05
0.000119719
-3.6319e-06
7.00295e-05
9.10684e-05
-1.55265e-05
8.64379e-05
6.74431e-05
5.32037e-05
3.63586e-05
-1.70645e-05
3.94598e-05
5.25004e-05
0.000168561
4.79761e-05
4.73316e-05
0.000124923
9.08888e-05
0.000149791
5.90812e-05
7.8649e-05
8.05871e-05
7.95698e-05
-2.6838e-06
-5.23187e-05
8.96144e-05
-2.04135e-05
7.68695e-05
5.93884e-05
6.00484e-05
6.82174e-05
9.57173e-05
6.92626e-05
8.60845e-05
-3.78831e-06
0.000134752
3.44257e-05
-4.21459e-07
8.29021e-05
-1.1782e-05
4.42142e-05
4.21328e-05
1.21959e-05
5.46996e-07
4.56594e-05
4.38511e-05
5.02052e-05
8.90564e-05
9.37547e-05
-6.78183e-05
5.02684e-05
4.03668e-05
-1.83678e-06
5.71837e-05
4.97909e-05
1.72943e-05
5.4792e-05
2.04907e-05
7.40797e-05
6.03665e-05
-1.41999e-05
9.05622e-05
1.03548e-05
4.60869e-05
4.04595e-05
7.24678e-06
-1.59939e-05
0.00010311
0.000105809
5.91752e-05
8.32469e-05
6.67349e-05
6.98457e-05
0.000118284
1.96207e-05
5.2358e-05
2.71742e-05
2.15489e-05
6.78633e-05
1.59746e-05
5.35466e-05
8.2195e-05
1.00141e-05
0.00014476
9.40394e-05
8.29036e-05
3.96771e-05
3.44892e-05
-1.81244e-05
-9.84194e-06
0.000112265
8.01093e-05
1.19726e-05
0.000101475
9.11458e-05
0.000103089
1.99108e-05
2.84892e-05
0.000117324
5.48014e-05
5.65976e-05
5.98023e-05
2.42907e-05
3.4448e-05
-5.98588e-06
9.34105e-05
-2.30313e-06
-4.52422e-05
-4.14878e-05
6.90295e-05
-1.16626e-05
-3.20123e-05
6.33025e-05
9.58751e-05
1.42569e-06
5.69235e-05
6.27068e-05
3.68096e-06
6.79276e-05
3.43258e-05
8.28024e-05
5.98654e-05
2.22322e-06
-4.96759e-05
2.02102e-05
7.09904e-05
5.69769e-05
3.25688e-05
9.59371e-05
2.31061e-05
2.26016e-05
1.13228e-05
5.15899e-06
9.74152e-05
1.274e-05
0.000152156
6.7073e-05
0.000121353
0.000132606
-2.79631e-05
7.53503e-05
0.000122648
6.71088e-05
5.95672e-05
8.98825e-05
2.00534e-05
5.48594e-05
0.000100239
0.000118706
5.29213e-05
4.06794e-05
3.07798e-05
-8.25664e-06
3.82585e-05
8.33029e-06
7.98521e-05
0.000107549
-5.51017e-05
0.000111419
9.11068e-06
0.000103396
4.2099e-05
0.000135224
0.000153834
6.30685e-05
2.66992e-05
2.05082e-05
7.29558e-05
4.49658e-05
5.16793e-07
9.93792e-05
3.34782e-05
4.00835e-05
2.90154e-05
2.50763e-05
2.59614e-05
3.83764e-05
2.97076e-05
4.85552e-05
5.95124e-05
5.54121e-05
8.23668e-05
5.86816e-05
-6.93815e-07
0.000101666
6.65246e-05
1.91563e-05
3.86926e-05
9.0383e-05
2.11633e-05
9.12782e-05
4.07568e-05
8.7804e-05
8.70191e-06
6.53503e-05
4.05519e-05
2.47866e-05
7.43698e-05
-2.48951e-05
3.28398e-05
3.85621e-05
4.05874e-05
8.01785e-05
0.000108731
0.00012869
8.14808e-05
-1.64264e-05
2.30973e-05
4.63214e-05
5.76548e-05
2.49829e-05
1.43346e-05
6.90561e-05
6.55394e-05
0.000113848
2.83401e-05
5.82122e-05
1.83135e-05
6.38743e-05
8.88208e-05
6.65659e-05
0.000111761
-2.37305e-06
9.83084e-05
-5.34631e-05
4.51859e-05
4.63939e-05
5.18155e-06
1.93487e-05
4.28287e-05
6.93951e-05
-1.63917e-05
0.000122203
7.65787e-05
-2.09529e-05
-8.89458e-06
0.000111409
0.00020558
3.29535e-05
5.41251e-05
0.00013159
0.000178607
7.27799e-05
-2.38943e-06
0.000132459
8.79364e-05
9.21355e-05
8.04421e-05
0.000108943
3.75638e-05
5.19681e-05
0.000103326
-1.46722e-05
7.4013e-06
9.80699e-05
2.6343e-05
2.85957e-05
2.68926e-05
3.75553e-05
6.18627e-05
5.2013e-05
5.90852e-05
-3.06086e-05
9.20637e-05
8.06357e-05
-3.33363e-05
0.000123833
5.89735e-05
2.78904e-05
0.000118684
-2.13351e-05
0.000124801
1.1821e-05
3.72304e-05
0.000172189
7.37772e-05
2.46434e-05
8.51058e-05
9.50191e-05
1.76493e-05
3.91367e-05
0.00013349
0.000123484
5.39397e-05
5.03886e-05
6.49184e-05
4.24056e-05
5.12301e-05
-9.51964e-06
3.02533e-05
0.000161953
3.97912e-05
0.000109567
6.85974e-05
5.70122e-05
1.03331e-05
5.78093e-05
4.48203e-05
8.25443e-05
6.59855e-05
5.80904e-05
7.20608e-05
3.44933e-05
6.55695e-05
3.17309e-05
4.88452e-05
2.69865e-05
0.000102319
9.2358e-05
0.000161283
1.02647e-05
1.95499e-05
0.000145278
-1.67115e-05
0.000102127
5.20382e-05
4.68627e-05
0.000106535
2.8365e-05
2.78412e-05
-4.72386e-06
4.15183e-05
-8.42285e-06
5.28861e-05
-3.59796e-05
5.55267e-05
-7.74258e-06
3.75867e-05
-2.08553e-05
0.000102529
4.60372e-06
-2.93243e-05
0.000104611
-1.97334e-05
0.00013498
-5.03228e-06
5.88835e-05
1.54561e-05
6.51829e-05
6.53606e-05
3.50598e-05
9.24857e-05
6.51051e-05
0.000119742
5.6319e-05
3.21346e-05
-8.44287e-06
6.02568e-05
0.00012097
2.11106e-05
5.41004e-05
1.14503e-05
0.000130367
9.5628e-06
5.22006e-05
7.68925e-05
-4.32704e-05
8.68543e-05
1.51768e-05
3.036e-06
2.00659e-05
8.4123e-07
2.52364e-05
-6.67286e-05
0.00011631
9.45829e-05
0.000104947
5.68544e-05
0.000107089
5.86116e-05
0.000107669
3.30613e-05
2.41868e-06
0.000103771
3.2638e-05
9.77617e-05
9.60019e-05
6.25557e-05
-8.40684e-05
4.8771e-05
1.80327e-05
2.8648e-05
6.96839e-05
2.45304e-05
7.73387e-05
6.88244e-05
9.8838e-05
6.07985e-05
-2.1193e-05
0.000145529
1.38918e-05
8.45795e-05
6.59794e-05
3.39001e-05
8.30104e-05
5.54079e-06
5.53413e-05
-3.46695e-05
4.34069e-05
4.75115e-05
3.95932e-05
5.5015e-05
1.57106e-05
1.20755e-05
6.61395e-05
1.3911e-05
3.39532e-05
4.32058e-05
3.76339e-05
9.24018e-05
7.04012e-06
0.000104677
3.30869e-05
4.5256e-05
4.03363e-06
-2.4908e-06
3.70523e-05
5.61778e-05
4.94859e-05
2.0928e-05
2.04218e-05
5.49319e-05
6.117e-05
7.90698e-05
1.22776e-05
0.00011919
3.46312e-05
5.1833e-05
-1.37906e-05
0.000131635
6.45266e-05
5.44461e-05
8.76272e-05
4.31979e-05
7.95161e-05
4.09361e-05
0.000110633
0.000121947
2.61561e-05
3.55395e-05
-4.0117e-05
3.75978e-05
0.000168601
3.35301e-05
-3.91239e-05
3.23902e-05
-2.23623e-05
6.31444e-05
7.35714e-05
3.81684e-05
0.000126433
0.0001666
9.09567e-05
0.000115547
9.05186e-05
0.00011565
-7.92836e-06
7.50591e-05
2.91003e-05
4.17801e-05
9.25981e-05
5.75977e-05
1.0232e-05
-1.15826e-05
2.14065e-05
3.58193e-05
8.03689e-05
0.000111877
-9.69531e-06
6.54382e-05
1.62862e-05
9.29388e-05
0.000101487
1.5253e-06
-1.98523e-05
9.98028e-05
8.22451e-05
7.32504e-05
9.03672e-05
-1.32508e-05
3.59089e-05
7.28748e-05
2.43785e-05
2.31038e-05
-3.42473e-06
9.30106e-05
9.01952e-05
2.69488e-06
0.000173268
2.77801e-05
8.61198e-05
6.37296e-05
-2.08392e-05
2.66144e-05
8.51947e-05
1.28597e-05
5.46303e-05
0.000144605
3.25368e-05
7.54579e-05
1.68739e-05
0.000110073
8.74609e-05
3.91219e-05
0.000127278
0.000125458
-6.46388e-06
2.47285e-05
6.3289e-05
4.76033e-05
5.08178e-05
7.99681e-05
2.41847e-05
-2.33383e-05
8.42521e-05
1.15242e-05
0.00010305
7.54683e-05
5.12145e-06
2.83002e-05
0.000101541
4.46037e-05
9.19295e-05
5.10804e-05
0.000105098
5.35841e-05
-1.51888e-05
5.45559e-05
-5.29713e-06
8.55506e-05
0.000119381
1.08212e-05
6.42291e-05
-2.35776e-05
5.40845e-05
1.80432e-05
6.32214e-07
6.30716e-05
6.71881e-05
3.88701e-05
5.0163e-05
-3.13985e-05
3.23463e-05
7.88216e-05
4.60018e-05
3.26546e-05
3.32172e-05
-2.04937e-05
5.89648e-05
6.69334e-05
5.65399e-05
0.000112298
7.21629e-05
2.33816e-05
8.80301e-05
8.22799e-05
6.3026e-05
2.26484e-05
6.45145e-05
7.82377e-05
7.13302e-05
-3.09309e-05
0.000129348
-2.37196e-05
7.79456e-05
8.15079e-05
7.69767e-05
-2.97073e-05
1.0243e-05
-8.45661e-06
3.20985e-05
0.000100538
-8.76966e-06
2.86054e-05
-1.98677e-05
6.41429e-05
4.86382e-05
0.000101466
0.000126567
-4.85708e-05
-5.0599e-05
2.52158e-05
4.04545e-05
0.000119567
1.43333e-05
-2.31746e-05
6.57178e-05
1.47643e-05
0.000106107
-1.75228e-05
5.27462e-05
7.34526e-05
5.00417e-05
7.13558e-05
4.00838e-05
2.6271e-05
3.87399e-05
0.000116689
7.83835e-05
5.55216e-05
6.18951e-05
8.89658e-05
5.64389e-06
8.72201e-05
7.19993e-05
4.06022e-06
6.16771e-05
0.00011905
9.84548e-05
3.89449e-05
-3.74397e-05
4.97845e-05
3.0742e-05
9.5812e-05
0.00010818
0.000124307
0.000108638
8.04914e-05
-3.63908e-05
7.13948e-05
-2.64625e-05
0.000120868
-3.85487e-06
8.3863e-05
0.000163759
8.62628e-05
0.000111654
-5.61451e-06
3.9183e-05
3.8697e-05
1.65657e-05
0.000112146
4.92894e-05
5.49275e-05
3.19354e-06
0.000122251
0.000137562
5.58066e-05
2.3234e-05
5.07053e-05
9.3518e-05
2.39477e-05
7.12677e-05
1.83882e-05
9.81664e-05
1.3981e-06
4.8756e-05
7.60348e-05
-2.37773e-05
-1.08106e-05
4.55447e-05
2.77691e-05
0.000108132
0.000106115
9.09049e-05
8.51935e-05
3.27735e-05
9.06747e-05
8.07225e-05
6.61009e-05
8.43295e-05
0.000143546
6.05504e-05
3.1518e-05
0.000141955
-3.72184e-07
-5.37374e-05
4.99923e-05
7.45485e-06
6.26721e-05
0.000141228
1.02903e-05
0.000104218
4.77496e-05
0.000133659
-2.29808e-06
6.76837e-05
1.47191e-05
0.000105038
4.35162e-05
5.09566e-05
-1.10069e-05
4.91625e-05
6.35213e-05
8.43828e-05
0.000179085
1.89186e-05
8.17728e-05
4.49257e-05
-4.13582e-05
3.72519e-05
4.92469e-05
6.15241e-05
7.82508e-05
1.82029e-06
0.000101532
0.000175626
6.78913e-06
-2.88446e-05
5.75823e-05
0.000105842
8.54809e-05
0.000106089
5.81445e-05
2.38316e-05
-4.21703e-05
7.3638e-06
2.61192e-05
8.93589e-05
0.000138614
-3.27927e-08
0.000108564
5.28405e-05
7.79592e-05
9.12492e-05
3.26903e-05
9.62718e-05
-9.49272e-07
3.09869e-05
0.000156754
-2.12388e-05
1.96445e-05
3.28238e-05
0.000107045
1.55384e-05
6.17826e-05
6.5085e-06
3.44983e-05
7.74036e-06
6.65619e-05
7.57096e-06
-3.99068e-06
5.57683e-05
0.000158695
-3.0525e-05
9.35476e-05
9.06554e-05
-2.76933e-05
4.09744e-05
3.11555e-05
7.21191e-05
4.49199e-05
0.000108532
5.28861e-05
6.92288e-05
0.000102357
7.50967e-05
-3.67096e-06
0.000143387
0.000150564
-5.16552e-06
2.28013e-05
4.30294e-05
0.000161799
-1.25222e-05
1.53923e-05
7.6962e-05
4.40528e-06
3.77982e-05
9.64752e-06
7.85295e-05
9.96961e-05
6.14936e-05
3.117e-05
2.30639e-05
-2.83603e-05
5.53491e-05
-3.30888e-05
1.39203e-05
4.49817e-05
-2.04042e-06
0.000110411
5.22557e-05
2.7386e-05
-3.20548e-05
7.39673e-05
0.000106823
5.16641e-06
-6.97396e-05
7.40804e-05
-2.95722e-06
0.000152547
8.46876e-05
-7.03156e-06
4.79304e-05
6.05896e-05
0.000145042
1.55739e-05
3.7063e-05
6.41463e-05
5.87154e-05
8.23306e-05
-1.37654e-05
6.50162e-05
4.70849e-05
5.87052e-05
3.47534e-05
0.00019014
8.01519e-06
7.13536e-05
2.78207e-05
0.000110082
1.40261e-05
9.92407e-05
5.01758e-05
0.00010299
0.000108741
2.64677e-05
-4.34813e-05
8.79457e-05
5.34734e-05
4.12892e-05
2.85823e-05
-1.19127e-05
3.2495e-05
9.87796e-05
4.28593e-05
7.25316e-05
7.83645e-05
0.00012006
0.000112353
2.31394e-05
3.44272e-05
5.04651e-05
-2.03936e-05
3.44129e-05
8.50872e-05
4.13949e-05
-2.5895e-05
5.53787e-05
4.08057e-05
7.05642e-05
9.76079e-07
-9.1166e-07
0.000127666
4.77843e-05
-1.53824e-05
3.7946e-05
9.34704e-05
2.2571e-06
-6.10821e-05
9.54439e-05
2.8957e-05
6.66459e-05
4.01611e-05
5.05126e-05
7.05291e-05
6.45232e-05
8.67414e-05
4.78113e-06
2.69669e-05
3.86185e-07
8.39307e-05
9.2202e-05
2.16718e-05
1.89842e-05
4.14102e-06
3.61504e-05
7.24823e-05
4.43533e-05
9.13454e-05
4.04601e-05
1.41259e-05
-4.79393e-06
9.6022e-05
6.17537e-05
-4.73301e-06
6.46384e-05
6.46302e-05
3.43728e-06
2.51197e-05
4.1605e-05
-1.65724e-05
5.98231e-05
3.47311e-05
2.38427e-05
8.52466e-05
9.73382e-07
-1.55346e-05
5.62794e-05
0.000124803
2.28102e-05
9.65065e-05
0.000124226
-4.30648e-06
3.42131e-05
1.44897e-05
-4.75675e-05
3.72377e-05
0.000116099
0.000126427
2.03236e-05
8.01496e-05
0.000129861
3.08563e-05
8.68971e-05
5.27962e-05
3.5183e-05
-3.45563e-05
3.95542e-05
0.000122766
0.000106517
3.90931e-05
9.04125e-05
6.65334e-05
7.93488e-05
-2.09764e-05
5.37257e-05
0.000100393
7.63431e-05
0.000132311
4.77683e-05
-7.33654e-07
4.1571e-05
5.36146e-05
7.81263e-05
5.19051e-05
8.72205e-05
2.7381e-05
8.01071e-05
7.64118e-06
0.00012007
4.83253e-05
4.12017e-05
0.000127219
0.000128593
7.49249e-05
-5.06121e-06
3.13701e-05
4.7215e-05
7.50818e-05
7.49641e-05
8.22676e-05
3.17379e-05
5.68143e-05
4.25763e-05
-2.75491e-05
3.0539e-05
8.89006e-05
5.59204e-05
8.01237e-05
4.11069e-05
0.000116853
-2.60847e-05
8.72513e-05
7.79211e-05
7.82942e-05
-1.98922e-05
8.93739e-05
-1.15144e-05
0.00011041
5.37247e-05
3.45672e-05
2.77683e-05
0.000112628
8.47644e-05
0.000110482
2.26292e-06
6.31252e-05
6.59311e-05
2.57904e-05
-1.82328e-05
2.55044e-06
-1.98908e-05
8.96808e-05
4.07279e-05
3.77854e-05
8.61523e-05
5.34907e-05
4.34301e-05
0.000102062
2.30575e-05
4.8763e-05
5.45188e-05
3.83184e-05
0.000109345
0.000105943
3.18988e-05
-6.91868e-05
6.46919e-05
9.41032e-06
7.26429e-05
6.19431e-05
8.86338e-05
0.000126977
4.47461e-06
9.40218e-05
7.61101e-05
5.66323e-05
5.83776e-05
4.37243e-05
8.37988e-05
8.1265e-05
8.25802e-05
6.51736e-05
6.34531e-05
5.28869e-05
9.93295e-05
8.89369e-05
0.000140634
0.000109358
6.32565e-05
2.73424e-05
7.05792e-05
6.74596e-05
-1.15357e-05
6.49501e-05
9.08051e-05
-5.35527e-05
4.20065e-05
0.000113864
-6.61935e-06
9.85928e-05
3.73712e-05
7.40005e-05
4.0306e-05
9.87731e-06
8.06118e-05
9.70415e-05
1.22631e-05
-7.69398e-06
2.58234e-05
0.000134597
6.79932e-05
8.68695e-05
6.9706e-05
-3.47572e-05
1.84374e-05
0.000111056
6.84026e-05
0.000177119
9.16714e-05
4.24558e-05
9.15853e-05
1.23092e-05
5.78458e-05
8.92786e-05
-5.54061e-05
6.01549e-05
8.01048e-05
0.00013687
4.94523e-05
7.92146e-05
-3.64521e-05
5.31304e-05
3.53002e-05
-1.314e-05
-7.21391e-06
6.56377e-05
4.53671e-05
4.34139e-05
8.81671e-05
3.8364e-05
8.40303e-05
5.42475e-05
5.59957e-05
-2.18565e-06
8.55167e-05
5.92346e-05
7.59815e-05
5.4443e-05
9.51322e-05
8.83994e-05
-2.50613e-05
-6.7349e-05
0.000109268
-1.91511e-06
5.2465e-05
6.06627e-05
1.46721e-05
5.81978e-05
1.5276e-05
0.000113884
4.23544e-06
7.36107e-05
1.27519e-06
0.000104201
0.00013243
5.48798e-05
0.000149984
2.24686e-05
6.0268e-05
-1.62238e-05
2.53765e-06
0.000106073
-1.79802e-05
3.68073e-05
2.75769e-05
5.64753e-06
2.21782e-05
2.04298e-05
-6.01435e-06
6.25354e-05
0.000100157
-1.58103e-05
-4.37179e-06
8.47778e-05
8.83137e-05
9.97241e-06
0.000119883
5.29554e-05
5.17162e-05
1.43468e-05
-2.24562e-05
-3.05348e-06
2.52314e-05
9.83397e-06
7.50926e-05
3.2963e-05
7.97665e-05
6.13755e-06
3.16709e-05
4.826e-05
5.93525e-05
8.96886e-05
3.98961e-05
0.000121837
7.18744e-05
9.53552e-06
6.37248e-05
7.48323e-05
2.93904e-05
0.000133114
5.67021e-06
3.38062e-05
-1.97345e-06
0.000171492
2.65146e-05
0.00010821
-4.60838e-06
2.54699e-05
8.71451e-05
0.000200167
3.25848e-05
4.82707e-05
4.31358e-05
1.04937e-05
4.9717e-05
-1.76447e-05
5.85936e-05
2.96802e-05
8.58655e-05
6.07223e-05
5.97734e-05
3.50718e-05
6.59423e-05
6.44337e-05
5.80049e-05
0.000142606
5.75579e-05
-2.91027e-06
-2.1562e-05
7.0463e-05
2.31201e-06
7.49719e-05
6.76044e-05
7.16357e-05
6.30534e-05
7.22282e-05
3.49324e-05
8.54335e-05
7.09011e-05
-4.3974e-05
1.55232e-05
4.21999e-05
8.59542e-05
7.26872e-05
-3.28671e-05
2.70136e-05
9.91017e-05
7.77074e-05
6.06821e-05
-1.18055e-05
-1.272e-05
-2.0593e-05
6.81194e-05
4.51192e-05
5.57463e-05
6.44431e-05
4.02769e-05
3.6408e-05
3.30833e-05
8.85146e-05
0.000100187
-1.33557e-06
0.000102067
6.2505e-05
0.000117696
0.000125687
0.000103477
0.000126239
3.54508e-05
3.45131e-05
7.29458e-05
0.000111941
-1.70299e-05
0.000152762
8.23824e-06
5.45863e-05
6.9881e-05
2.67914e-05
5.45322e-05
6.6594e-05
8.59826e-05
2.31016e-05
1.79061e-05
9.41131e-05
7.93701e-05
8.25472e-06
1.35157e-05
4.9277e-05
1.29214e-05
3.4388e-05
5.58388e-06
1.83319e-05
2.02181e-05
5.72456e-05
7.58994e-05
6.41626e-05
-3.28366e-05
-2.0053e-05
-3.44157e-05
-1.26453e-05
5.48592e-05
1.66663e-05
3.13486e-06
9.35981e-05
-1.44528e-05
2.91327e-05
2.73405e-05
5.47913e-05
9.08663e-05
-4.0544e-06
2.07532e-05
4.26137e-05
2.54694e-05
2.60323e-05
4.64249e-05
9.8438e-05
-2.04603e-05
3.41635e-05
3.85764e-05
4.45456e-05
0.000124875
-9.12903e-05
5.25789e-05
3.74244e-05
3.06381e-05
1.45305e-05
1.61162e-05
7.08958e-05
0.000110701
5.0831e-05
6.27208e-05
6.23206e-06
-1.35994e-05
4.99536e-05
0.000115181
6.31282e-05
5.26757e-05
4.34761e-05
3.1502e-05
9.09632e-05
-1.22077e-05
3.75394e-05
0.000114083
3.34563e-05
6.81781e-06
3.5619e-05
0.000101424
0.00013796
5.40508e-05
8.19808e-05
4.87442e-05
-2.18847e-05
5.91152e-07
0.000106586
3.64298e-05
-1.97287e-05
1.64171e-05
0.000112862
0.000115887
6.48376e-05
1.42001e-07
0.000139917
1.05358e-05
9.81913e-05
9.46247e-05
7.03301e-05
-1.11145e-05
7.28298e-05
3.42722e-05
4.58236e-05
0.000114667
4.03132e-05
1.19397e-05
1.34372e-05
9.91742e-05
0.000103614
9.5761e-07
-1.56245e-05
0.000114341
5.34762e-05
3.31917e-05
3.97888e-05
1.18721e-05
9.23501e-05
3.80595e-05
-9.53393e-05
6.72155e-06
0.000102855
0.000104569
8.72108e-05
9.23413e-05
-2.81605e-06
6.63547e-05
2.04937e-05
-1.70979e-05
3.45888e-05
0.00011338
0.000100083
8.78272e-05
6.41929e-05
3.26535e-05
3.12018e-05
-3.24126e-05
3.61609e-05
3.89749e-05
4.36687e-05
8.70051e-05
5.91908e-05
7.83514e-05
8.197e-05
4.39576e-05
-4.42621e-06
-4.01708e-05
5.66538e-05
7.32072e-05
-4.69309e-05
3.36618e-05
5.28373e-05
0.000170115
9.31162e-05
0.000125192
3.74136e-05
5.03562e-06
5.83089e-05
-2.35698e-05
7.82377e-05
-5.9448e-06
-1.133e-05
-6.77294e-06
6.03053e-05
7.15371e-05
4.15696e-05
3.50984e-05
6.49608e-05
5.94022e-05
4.7419e-05
9.15517e-05
5.49634e-06
3.24847e-05
3.51937e-05
5.82437e-05
4.27561e-05
2.32291e-05
5.33874e-05
5.50293e-05
-1.17771e-05
-7.81276e-05
1.80774e-05
9.45865e-05
-5.08332e-05
-1.57877e-05
2.62355e-05
8.3033e-05
8.01688e-05
0.000144955
5.15517e-05
7.21224e-05
0.0001339
1.77386e-05
9.4066e-05
-1.07557e-05
4.61053e-05
-1.06833e-05
2.45483e-05
4.43818e-05
0.000124051
4.7577e-05
-7.61035e-06
-2.15231e-05
0.000139433
9.34593e-05
-8.31336e-06
9.42008e-05
7.08301e-05
8.70568e-05
6.12734e-05
1.70693e-05
0.000137295
6.842e-07
5.00137e-05
5.17188e-05
7.59835e-05
0.000129021
4.18841e-06
7.47553e-05
2.14562e-05
0.000106242
6.89332e-05
4.2501e-05
4.2943e-05
0.000131394
6.20792e-05
0.000113134
4.05777e-05
2.11303e-05
6.7916e-05
9.73692e-05
6.32031e-06
3.51103e-05
6.70426e-05
4.01845e-05
3.9778e-05
8.72025e-06
0.000122079
3.27821e-05
5.79237e-05
9.20333e-05
6.83388e-05
6.07607e-05
4.49298e-05
4.96876e-05
-1.25626e-05
3.53366e-05
1.84423e-05
2.89763e-05
9.41386e-05
6.50088e-06
7.82636e-05
6.52662e-05
9.13524e-05
6.15022e-05
-1.7435e-05
1.84323e-05
0.000136138
2.72186e-05
7.13187e-05
2.64164e-05
2.33478e-05
-1.61888e-05
0.000100082
9.99407e-06
9.8777e-05
8.19833e-05
3.90842e-05
5.67879e-05
4.51052e-05
-1.75879e-05
-7.62295e-05
3.55262e-05
0.000106442
5.61656e-05
4.17169e-05
4.71996e-05
2.05351e-05
1.9124e-05
9.76647e-05
8.16485e-05
0.000121429
0.000123884
2.83311e-05
6.22212e-05
0.000105019
6.46526e-05
-3.45285e-05
6.76126e-05
4.02647e-06
4.33805e-05
0.00012593
3.92433e-05
4.01512e-05
3.07814e-05
7.99108e-06
3.47131e-05
-5.0206e-05
7.60124e-05
0.000106244
6.84469e-05
0.000151142
0.000138838
0.000129621
2.56553e-05
0.000120912
4.38157e-05
4.79025e-05
0.000105832
0.000108481
5.99783e-05
9.37585e-05
-1.17502e-05
3.26753e-05
5.12205e-05
0.00010509
-6.24516e-06
9.98249e-05
0.000157637
0.0001115
-9.16993e-06
6.32955e-06
6.27547e-05
0.000106426
-9.15937e-07
5.00916e-05
4.63399e-05
3.25002e-06
6.56456e-05
-3.52594e-05
8.94426e-05
0.000105597
-1.39828e-05
5.66553e-05
0.000150788
0.000136993
4.54252e-05
3.68603e-05
9.75347e-05
0.000109057
6.95111e-05
7.95565e-05
1.099e-05
0.000103531
3.18814e-05
9.86357e-06
8.58693e-05
2.16602e-05
2.59061e-05
3.52723e-05
-2.58343e-06
2.56787e-05
7.35161e-06
0.000116534
4.33093e-05
2.96482e-05
8.61241e-05
3.14544e-06
0.00012329
9.99102e-05
1.86977e-05
3.15257e-05
-2.74963e-05
2.02022e-05
-4.04414e-05
-4.24863e-06
7.35674e-05
2.14353e-06
5.72548e-05
-1.51936e-05
4.93973e-05
4.5245e-05
8.63407e-05
5.12964e-05
3.72927e-05
4.88917e-05
7.19119e-05
4.98654e-05
-2.58995e-05
6.64167e-05
2.55106e-05
-3.27663e-05
7.49855e-05
8.07848e-05
0.000118851
3.06541e-05
0.000102727
5.20128e-05
3.49882e-05
3.51272e-05
1.04815e-05
9.88754e-05
0.000109733
7.52601e-05
9.16931e-06
-3.87188e-05
3.99295e-05
5.54435e-05
4.04507e-05
4.38501e-05
3.261e-05
0.000107994
2.81068e-05
8.21292e-05
7.9469e-05
0.000109131
1.47945e-05
-4.16165e-05
0.000130358
0.000135451
-5.5799e-05
-2.44764e-05
4.58903e-05
8.12038e-05
7.77769e-05
5.17327e-05
8.81052e-05
-5.33691e-05
5.76778e-05
4.80543e-05
6.58095e-05
-6.119e-05
3.24046e-05
5.98211e-05
3.03654e-05
-4.86041e-06
1.61383e-05
-2.52019e-05
3.01727e-05
9.71286e-05
3.96346e-05
9.85434e-05
7.60855e-05
1.18872e-05
0.00015834
-6.59959e-06
2.28807e-05
7.39855e-05
6.52656e-05
9.96037e-06
5.99811e-05
6.55121e-05
0.000150145
0.000100571
6.37153e-05
7.84354e-05
4.82264e-05
0.000128018
0.000103621
2.28691e-05
0.000123985
4.57335e-06
8.59837e-05
-3.43652e-05
6.26383e-06
0.000138665
0.000158288
1.83987e-06
7.74341e-05
0.000100823
4.29686e-05
-1.75459e-05
7.46299e-05
-4.14855e-05
4.92318e-05
-8.00827e-06
8.02969e-05
9.4632e-05
4.75172e-06
-8.24073e-06
5.3613e-05
3.69205e-05
9.17005e-05
4.38052e-05
4.53766e-05
3.90789e-05
1.56284e-05
5.12979e-05
5.80998e-05
5.74928e-05
0.000105151
6.19474e-05
6.61892e-05
6.67e-05
1.51687e-05
4.68031e-05
6.39511e-05
8.49194e-05
7.21883e-05
6.6286e-05
8.5989e-05
7.90591e-05
0.000134469
9.02695e-05
8.71018e-05
7.80756e-05
-3.64801e-05
5.90717e-05
8.23024e-05
8.52598e-05
7.54892e-05
9.13176e-05
6.29062e-05
5.82863e-05
8.58987e-05
5.92873e-05
1.00643e-05
5.23356e-05
5.61851e-05
3.55831e-05
2.30967e-05
9.69255e-05
9.48029e-05
4.06388e-06
5.84854e-05
7.4705e-05
3.26532e-05
8.77587e-06
2.74621e-05
-9.77085e-06
0.000120811
1.00745e-05
0.000127242
8.88665e-05
2.50599e-05
6.77064e-05
6.23989e-05
0.00012444
7.86883e-05
3.41796e-05
8.626e-05
8.03802e-05
0.000101048
3.22772e-05
3.55018e-05
9.93078e-05
0.000133249
-5.7504e-05
6.73817e-05
7.59875e-05
7.02594e-05
-7.61775e-06
0.000100987
8.32475e-05
7.04275e-05
1.44956e-05
8.58213e-05
4.46139e-05
5.70321e-05
0.000132967
4.69049e-06
5.84084e-05
6.76231e-05
3.73425e-06
1.53469e-05
4.96239e-05
5.45952e-05
0.000117378
8.1375e-05
6.48991e-05
-6.78274e-06
1.74214e-05
-1.43593e-05
0.000104414
2.34469e-05
9.71394e-05
2.11545e-05
3.85947e-05
-2.42597e-05
0.000118144
8.58545e-05
4.3844e-05
1.74713e-05
1.18739e-05
0.000122307
6.10669e-05
5.4568e-05
0.0001813
2.23811e-05
1.4885e-05
6.3397e-05
-2.24125e-07
2.77459e-05
4.00131e-05
-9.56095e-07
-7.25673e-05
4.42973e-05
3.76131e-05
2.29775e-05
6.79335e-05
7.93362e-05
9.05754e-05
6.02108e-05
7.389e-05
7.58672e-05
5.32478e-05
9.5807e-06
6.73237e-05
5.75636e-05
8.3715e-05
1.44631e-05
-1.18704e-05
-3.85398e-06
5.20522e-05
1.32062e-05
1.88246e-05
0.000108801
4.12497e-05
2.7005e-05
3.04595e-05
8.42934e-05
9.00716e-05
3.4454e-05
2.15283e-05
3.20017e-05
6.41594e-05
0.000115243
4.05064e-05
3.69103e-05
9.05545e-05
5.51828e-05
7.61769e-05
7.55984e-05
2.42029e-05
0.000146858
3.23566e-05
4.5757e-05
0.000124662
-1.75973e-05
0.00013206
0.000115479
8.95424e-05
6.7437e-05
-3.77238e-05
3.02221e-05
-1.59593e-05
-2.60107e-05
6.42705e-05
4.24967e-05
2.54966e-05
6.906e-05
5.25362e-05
0.000129109
8.83586e-05
7.39356e-05
8.42609e-05
8.86211e-05
2.98238e-05
0.000130288
4.49935e-05
7.04869e-05
6.61391e-05
4.39619e-05
1.009e-05
3.8256e-05
0.000161854
7.93938e-05
6.44241e-05
3.5844e-05
6.15137e-05
-2.61205e-05
0.000109109
9.73373e-05
-1.25262e-05
8.33612e-05
3.44416e-05
3.13364e-05
4.96876e-05
8.69403e-05
4.35533e-05
5.19732e-06
5.35664e-05
-1.30578e-05
1.45756e-05
4.45708e-05
-7.24438e-06
7.02583e-06
0.000126635
2.95574e-05
8.25484e-05
6.0327e-05
2.85448e-05
2.33048e-05
1.98775e-05
7.67156e-05
6.27072e-05
2.33392e-05
8.84054e-05
8.90523e-05
4.71632e-05
0.0001269
-1.43929e-06
3.14548e-05
2.51316e-05
7.41287e-05
7.861e-05
-9.31478e-06
8.38266e-05
-2.64535e-05
2.76772e-05
3.60053e-05
7.25955e-05
5.77983e-05
-3.31723e-05
2.85904e-05
8.0896e-05
1.05002e-05
0.000107651
-3.09898e-05
9.73204e-06
0.000107325
3.44176e-05
-2.08072e-05
-1.78691e-05
4.87119e-05
-1.44442e-05
0.000114392
0.000140483
8.66982e-06
3.63366e-05
4.79193e-05
9.85565e-05
3.92873e-05
7.92029e-06
6.61625e-05
5.62579e-05
3.49818e-05
6.98514e-05
6.4608e-05
0.000107702
7.33522e-05
-5.87348e-05
1.57157e-05
5.19116e-06
-3.90778e-05
2.34914e-05
7.50945e-05
3.26142e-05
6.55771e-05
9.03644e-06
4.96811e-05
5.62676e-05
1.08444e-05
0.000102804
0.000107683
3.06632e-05
4.19877e-05
6.85985e-05
9.2419e-05
-3.3779e-05
-3.18565e-05
7.45744e-05
6.53909e-05
6.33188e-06
5.41515e-05
8.02495e-05
2.53234e-05
5.9184e-06
9.00166e-05
4.98837e-05
5.44785e-05
4.65151e-05
-7.84673e-06
3.42322e-05
9.0444e-05
1.82716e-05
5.07282e-05
6.14337e-05
1.6912e-05
7.71054e-05
0.00010462
4.59063e-05
9.13478e-05
-4.57561e-05
2.45079e-05
1.55697e-05
9.05435e-05
7.98336e-05
7.26221e-05
4.92801e-05
0.000104571
6.31699e-05
1.90801e-05
5.57802e-05
6.56124e-05
1.83011e-05
1.5391e-05
5.37579e-05
0.000130549
4.13103e-05
4.2008e-05
6.98553e-05
5.15778e-05
4.423e-05
8.55094e-05
0.000140132
7.69723e-05
6.10834e-05
3.45853e-05
2.38148e-05
7.63135e-05
0.00016108
0.000105779
-4.49142e-05
0.000147744
8.93094e-05
6.43012e-05
8.08406e-05
4.83362e-05
2.00613e-05
3.33588e-05
0.000101867
-3.49624e-06
8.36479e-05
0.000135091
0.000110116
4.95331e-05
9.55207e-06
9.41338e-05
6.63952e-05
1.60153e-05
-7.35859e-06
6.16817e-05
0.000122318
4.46513e-05
5.33589e-05
6.64676e-05
6.77932e-05
-1.33658e-05
9.69312e-05
5.26454e-05
0.00013862
2.39367e-05
4.6963e-05
2.08784e-06
3.35984e-05
2.28212e-05
6.7733e-06
6.74239e-05
-0.000116996
-9.65603e-06
0.000159087
5.3261e-05
-1.3828e-05
6.79468e-05
3.05694e-05
0.000153359
1.40543e-05
-1.84011e-05
3.61941e-05
1.66566e-05
3.30298e-05
6.43368e-05
-1.19857e-05
5.31169e-05
0.000127583
7.26651e-05
5.03292e-05
6.95662e-05
9.50844e-05
-4.24511e-05
1.88105e-05
0.000123318
1.00773e-05
4.99504e-05
1.11201e-05
0.000112658
9.36141e-05
-1.2585e-05
8.8426e-05
-1.94088e-05
7.66068e-05
1.97957e-05
0.000144023
5.00609e-05
6.64179e-05
6.08179e-05
0.000115982
-8.22624e-05
0.000139084
8.04409e-05
1.55897e-05
0.000131597
3.92741e-05
5.90018e-05
2.99618e-05
0.000104911
2.54341e-05
4.67207e-05
0.000108181
2.44292e-05
-1.9356e-05
3.90133e-05
0.000120349
0.000108452
-1.0595e-05
5.65412e-05
-0.000101168
7.51231e-06
-4.49181e-06
4.9875e-05
2.88519e-05
6.38043e-05
0.000120343
2.38094e-05
4.34104e-05
4.46117e-05
8.2101e-05
1.92259e-05
-7.28098e-06
9.73303e-05
4.02623e-05
0.000112593
5.70018e-05
3.10878e-05
0.000106936
8.63959e-05
2.05372e-05
7.34894e-05
1.12037e-05
4.27037e-05
5.32975e-05
2.77687e-05
6.52799e-05
3.30357e-05
0.000140923
0.000100209
6.21259e-05
1.40603e-05
4.85337e-05
5.80219e-05
9.00402e-05
7.12932e-05
6.83127e-05
9.9464e-05
4.53325e-05
2.31726e-05
5.99912e-05
6.74836e-05
-4.28055e-05
8.98003e-05
5.20221e-05
7.22324e-05
1.60092e-05
0.000112307
6.81714e-06
2.74475e-05
0.000114399
4.74592e-06
-4.01849e-05
0.000132843
4.75112e-05
8.59321e-05
7.81776e-05
2.55047e-05
6.04494e-05
0.000152608
5.79388e-05
7.46918e-05
8.08642e-05
0.000110803
7.29106e-06
1.16749e-06
3.33986e-05
2.5292e-05
3.59457e-05
5.16696e-05
9.80864e-05
9.28745e-05
4.7709e-05
5.59015e-05
4.76357e-06
7.06733e-05
8.52711e-05
9.73864e-05
3.33802e-06
0.000119392
9.66871e-06
0.000153356
4.23111e-06
9.87835e-05
-3.64364e-05
8.12673e-05
6.70792e-05
8.75807e-07
6.05262e-05
4.43724e-05
-1.28947e-06
3.49619e-05
5.78747e-05
-1.86594e-06
0.000116808
-1.72321e-06
0.000129768
0.00012509
7.02329e-05
-2.30768e-05
5.04716e-05
0.000109871
8.26751e-06
4.28685e-05
-1.97757e-05
1.34757e-05
-2.81846e-05
9.19032e-05
4.86484e-05
-9.30328e-07
2.81838e-05
-8.06916e-05
0.000123815
3.30941e-05
0.000199165
6.23184e-05
2.31366e-05
3.05163e-05
0.000119043
0.000114492
2.24152e-05
0.000114061
-8.78792e-06
9.01971e-05
-1.04755e-06
5.46741e-05
0.000134135
5.06597e-05
-2.94538e-05
7.42659e-05
4.39351e-05
2.24981e-05
2.37711e-05
-1.12037e-05
-6.94285e-06
9.81496e-05
9.96928e-05
0.000181171
-6.1237e-06
0.00013478
7.25196e-05
0.00015936
-9.23994e-06
0.000105192
7.65437e-05
-3.56882e-06
5.07517e-07
-3.18527e-05
7.42285e-05
0.000101043
5.56833e-05
5.4908e-06
9.34417e-06
6.33017e-05
-4.96251e-05
6.56684e-05
0.000137037
6.56842e-05
4.20578e-05
7.29257e-05
0.000116996
-5.23753e-05
-7.02009e-05
4.88085e-05
3.15836e-05
2.54302e-05
-1.54555e-05
6.68838e-05
8.68669e-06
-4.67172e-06
7.77065e-05
-7.35499e-05
1.92546e-05
0.000104672
-1.66563e-05
6.15133e-05
0.000156879
2.42709e-06
-2.08743e-05
-9.21626e-06
7.55834e-05
7.4985e-05
1.6667e-05
3.34357e-05
5.27213e-05
7.74312e-05
7.61264e-05
4.94762e-05
6.24934e-06
0.000101163
0.000118649
1.60801e-05
6.3924e-05
3.83688e-05
3.16449e-05
7.56081e-05
0.00012174
6.10929e-05
4.00578e-05
2.10385e-05
5.83979e-05
8.0662e-05
3.61228e-06
-6.06995e-05
3.94047e-05
0.000111976
4.48147e-05
-1.71891e-05
6.52424e-05
0.000103307
4.51902e-05
3.81741e-05
4.55004e-05
-5.034e-05
0.000124566
0.000125027
0.000122341
-1.16973e-05
9.12721e-05
9.65571e-05
5.50008e-05
7.09268e-05
0.000101844
6.85754e-05
6.6407e-05
2.87716e-05
6.00699e-05
1.57186e-08
6.13393e-05
-2.47559e-05
8.15882e-06
0.000100085
2.11482e-05
2.60317e-05
9.27774e-06
5.14538e-05
4.31514e-05
-2.75105e-05
9.95216e-05
7.10848e-05
4.16815e-05
5.97756e-05
-6.62878e-05
5.69021e-05
4.95552e-06
-5.04771e-06
4.16254e-05
3.61433e-05
3.88284e-05
2.97531e-06
5.84538e-05
7.2387e-05
6.67346e-05
-4.77587e-05
-1.62228e-05
6.27781e-05
0.00010345
3.17492e-05
4.26054e-05
3.30781e-05
1.0125e-05
-1.09831e-05
5.80837e-05
4.87131e-05
6.71135e-05
6.82944e-05
5.31582e-05
0.000115133
4.25153e-05
6.91322e-06
7.32752e-05
6.8408e-05
2.12959e-05
0.000104054
0.000115909
-4.83055e-05
5.94705e-05
8.35336e-05
6.52085e-05
4.87856e-05
0.00011157
7.96623e-05
2.95386e-05
6.51418e-05
4.83155e-05
0.000136723
7.65731e-05
2.7854e-05
3.23058e-06
3.53518e-05
8.76698e-06
2.35912e-05
7.76356e-05
1.81083e-05
3.4721e-05
0.000144536
-2.32226e-05
8.94279e-05
9.49012e-05
1.1923e-06
3.88841e-05
1.44939e-05
4.84521e-05
4.55771e-05
5.62984e-05
-3.3079e-05
-2.19207e-05
6.87677e-05
4.24291e-05
0.000105069
8.7539e-05
0.000107162
8.34013e-05
4.31137e-05
5.78738e-05
7.58337e-05
1.11906e-05
0.000153379
1.98044e-05
0.000107752
0.000110081
3.95444e-05
-3.47788e-06
6.23317e-05
-4.09396e-05
9.45015e-05
-3.20064e-06
4.36034e-05
7.05416e-05
4.49097e-05
-3.62321e-06
0.000101299
2.64709e-05
7.02441e-05
2.27091e-05
9.93176e-05
5.34675e-06
0.000147977
-9.09495e-06
5.03609e-05
-6.12878e-06
7.32653e-05
6.45301e-05
3.10944e-05
1.01009e-05
1.0254e-05
2.26434e-06
3.53848e-05
-3.28546e-05
8.87436e-05
6.77935e-05
1.43974e-05
2.23425e-05
7.16814e-05
5.26441e-05
1.09388e-05
9.62498e-05
5.89792e-05
0.000109909
6.38782e-05
-3.32631e-05
5.39745e-06
8.21864e-05
0.000100133
8.75644e-05
-2.48816e-05
0.000108711
0.000175538
0.000145014
5.25113e-05
5.77979e-06
7.13973e-06
0.000135184
7.31592e-06
7.32102e-05
4.19743e-05
0.000106679
6.8967e-05
2.14668e-05
1.61555e-06
2.15166e-05
5.22858e-05
5.95796e-05
2.8575e-05
4.32889e-05
4.84741e-05
8.06399e-05
-3.13717e-06
2.20282e-05
8.86533e-05
-1.88203e-05
4.01283e-05
2.2207e-05
-1.09048e-05
1.87765e-05
0.000105453
0.000130069
0.000114029
5.29154e-05
0.000102488
6.04166e-05
7.33102e-05
2.59451e-05
0.000129454
6.6738e-05
5.81068e-05
2.97988e-05
9.26759e-05
8.2994e-05
-4.88753e-05
3.18293e-05
7.7278e-05
3.12881e-05
8.53668e-05
1.89809e-05
9.89737e-05
9.53642e-05
0.00010623
9.20977e-05
0.000101915
4.19547e-05
6.82413e-06
7.9438e-05
0.000110603
4.66457e-05
5.51278e-05
2.58739e-05
1.13035e-05
4.67259e-05
5.72704e-05
2.64086e-05
0.000170327
0.000134956
4.77748e-05
-4.39314e-05
7.39865e-05
2.88311e-05
0.000121018
2.63341e-05
4.92231e-06
1.56766e-05
4.93245e-06
0.00014767
7.80997e-05
6.74765e-05
-5.73373e-05
3.46418e-05
9.50104e-06
-9.94913e-06
3.19248e-05
0.000122418
3.01307e-05
1.63286e-05
2.89853e-05
3.19456e-05
0.000121736
7.64365e-05
3.16391e-05
-8.29651e-06
-1.63033e-05
8.30175e-05
-3.25879e-06
9.18012e-05
0.000114259
0.000113582
4.09984e-05
0.000113519
0.000113514
-1.18557e-05
3.19351e-05
0.000152247
7.8667e-05
1.04028e-05
-3.01063e-05
1.16597e-05
2.02653e-05
2.69102e-05
0.00015173
9.67233e-05
2.2331e-05
7.63803e-05
8.11326e-05
2.9538e-05
2.05422e-05
0.000179605
9.034e-05
8.28738e-05
1.31649e-05
0.000108946
7.4333e-05
6.70499e-05
5.52931e-05
5.34827e-05
-6.635e-05
0.000124895
0.000110553
0.000106031
1.0515e-05
8.49294e-05
9.22563e-06
7.72296e-05
1.12887e-05
8.74021e-05
5.65844e-05
9.42374e-06
8.08293e-05
0.000163031
3.97502e-05
4.68597e-05
-2.43432e-05
6.58933e-05
8.16793e-05
3.07937e-06
0.000121528
6.28259e-05
8.36728e-05
9.22054e-05
8.69679e-05
1.54534e-05
0.000104388
3.725e-05
4.82881e-05
2.2776e-05
3.17015e-05
4.92185e-06
3.95128e-05
3.36155e-05
5.60121e-05
3.70124e-05
0.00010879
9.52569e-05
3.30571e-05
0.000197539
5.36742e-05
-2.34e-05
0.000113855
8.93749e-06
4.10885e-05
2.00628e-05
8.59159e-05
4.3052e-05
8.18527e-05
5.41705e-05
0.000140699
4.79351e-05
1.76945e-05
0.000103935
8.68524e-05
9.80826e-05
7.31637e-05
0.000117769
5.38129e-05
6.18468e-05
8.68607e-05
8.19958e-05
1.63225e-05
0.000130838
-4.7341e-06
2.37645e-05
1.12144e-05
1.0677e-05
-9.15356e-06
4.08761e-05
0.000148646
1.77993e-05
6.76837e-05
5.60647e-05
7.98434e-05
-1.38175e-05
2.72347e-05
7.54884e-06
0.000106221
-9.89487e-06
-6.06688e-06
9.83869e-05
-2.60787e-05
8.79396e-05
6.18011e-05
0.000103763
1.88855e-06
-1.96283e-05
0.00012923
0.000122838
5.3947e-05
6.55021e-05
0.00011221
4.86628e-05
-8.56431e-06
5.47837e-05
2.39147e-05
3.06448e-05
5.89266e-05
8.12736e-05
8.32838e-05
3.08094e-05
-1.86243e-05
5.00044e-05
-2.51844e-05
4.70774e-05
2.86859e-05
3.51378e-05
2.65202e-05
9.00293e-05
1.14603e-05
6.35675e-05
5.56853e-05
2.24133e-05
8.9212e-05
7.63628e-05
6.3471e-05
8.64016e-07
-4.41745e-05
2.71257e-05
4.59916e-05
5.26189e-05
9.01931e-05
5.60138e-05
6.64785e-05
6.48552e-05
6.43926e-05
-1.1188e-06
3.82621e-05
0.000113461
0.000105658
0.000114295
8.70092e-05
0.000115168
2.00709e-05
3.24476e-05
9.78915e-05
4.08781e-05
8.27698e-05
1.75776e-05
3.90499e-05
6.01342e-05
6.20026e-06
6.88184e-06
3.82292e-05
-2.66809e-05
1.86611e-05
1.27445e-05
9.82613e-05
3.34041e-05
2.50144e-05
4.77566e-05
2.6382e-05
5.67071e-05
7.86124e-05
3.24459e-05
6.23906e-05
0.00010111
0.00011266
7.33011e-05
4.03759e-05
6.86189e-05
0.000129791
-2.53626e-05
0.000105275
0.000112785
-3.89172e-05
6.08022e-05
0.00010481
0.000134568
6.8126e-05
6.89089e-05
7.93404e-05
5.1012e-05
8.80886e-05
8.39116e-05
0.00015006
3.01703e-05
4.19128e-05
0.000117259
0.000129944
6.30103e-06
5.00714e-05
5.08023e-05
4.72849e-05
0.00012707
7.44735e-05
4.31624e-05
-1.4913e-05
4.93747e-05
0.000107622
9.14448e-05
4.68711e-05
0.000140618
5.77698e-05
1.24501e-05
3.83062e-05
7.64618e-05
0.000121699
0.000135974
5.36868e-05
0.000128389
0.000109084
5.4013e-05
5.14771e-05
5.43669e-05
0.000107807
-4.08199e-05
9.80898e-05
0.00013827
3.06951e-06
2.39091e-05
7.67448e-05
9.53383e-05
3.18633e-05
7.74008e-05
6.73699e-05
6.15798e-05
4.33735e-05
1.1876e-05
-2.89436e-05
7.3638e-05
6.45924e-05
7.81938e-05
6.29257e-05
2.95493e-05
9.75903e-05
-4.7484e-05
-2.14287e-05
8.53901e-05
-7.45058e-05
2.27314e-05
-1.34781e-06
3.19941e-05
8.50691e-06
7.45255e-05
0.000122789
5.41181e-05
1.17923e-06
0.000139973
0.000144174
1.37423e-05
2.63078e-05
4.16213e-05
3.25477e-05
4.93806e-05
2.89044e-05
0.000101728
3.52995e-05
0.000140601
6.36908e-05
3.86719e-05
0.000100293
-1.58873e-05
-1.69223e-05
2.76918e-05
6.20977e-06
0.00014382
0.000102396
7.1098e-05
0.000134749
0.000109261
-5.62331e-06
2.23249e-05
9.80791e-05
2.39815e-05
-2.63436e-05
6.82753e-06
0.000113032
4.64851e-05
0.000139606
-9.19349e-06
3.65581e-05
4.43466e-05
0.000127995
8.46962e-05
2.50546e-05
8.30238e-05
5.55906e-05
0.000197237
7.09897e-05
3.58673e-05
0.000103153
2.77861e-05
9.38709e-05
0.000110338
2.24453e-05
4.66218e-05
4.63553e-05
0.000146289
0.000149655
5.13752e-05
2.95633e-05
0.000107111
5.13892e-05
8.08544e-05
7.71079e-05
5.22217e-05
0.000110998
5.44065e-05
7.1971e-05
6.78323e-05
1.0542e-05
7.71511e-05
1.73691e-05
5.65124e-05
3.00812e-06
0.000100943
5.0229e-05
8.30748e-05
4.7793e-05
3.686e-05
8.11957e-05
0.000108164
8.09929e-05
8.84275e-05
-3.10823e-05
0.000142974
2.59801e-06
1.99263e-05
4.72308e-05
4.68048e-05
-2.81682e-05
0.00011148
3.93772e-05
0.000108772
7.94912e-05
1.09473e-05
7.32976e-05
0.000104351
6.36862e-05
-2.48787e-05
3.92772e-05
0.000128666
0.000125192
9.31529e-06
2.50656e-05
2.27647e-05
2.54498e-05
3.32025e-05
9.566e-05
7.74923e-06
6.85323e-05
0.000104687
9.21335e-05
2.36692e-05
-3.04433e-05
7.73679e-05
0.00014715
-3.94284e-06
-1.31561e-05
4.98236e-05
2.43217e-05
5.16306e-05
6.36962e-05
5.97956e-05
1.67878e-05
0.000119201
0.000111856
4.61949e-05
-1.5881e-05
2.95981e-05
5.15548e-05
0.000108964
8.41206e-05
8.17476e-05
5.27376e-05
2.56776e-05
3.25716e-05
7.58217e-05
5.012e-05
3.3473e-05
6.44605e-05
8.3311e-05
4.18838e-05
5.34611e-05
3.57017e-05
7.39133e-05
8.3575e-05
8.22301e-05
-7.01136e-05
-5.77454e-05
5.53965e-05
-6.66794e-05
4.94246e-05
1.97373e-05
5.6328e-05
3.73564e-05
5.31089e-05
-3.12995e-05
3.01954e-05
3.95482e-05
2.49048e-05
0.000121028
3.15594e-06
5.70248e-05
-1.75969e-05
6.32052e-05
7.58311e-06
6.48066e-05
-2.66531e-05
2.99278e-05
-2.28209e-05
1.0334e-05
7.72875e-05
4.77751e-05
7.39841e-05
3.92828e-05
-2.95808e-05
3.23793e-05
9.77779e-05
7.86932e-05
0.000124454
7.98184e-05
6.91212e-05
0.000145604
6.51012e-05
2.99568e-05
3.7312e-05
0.000196025
0.000117919
0.000112017
8.57288e-05
5.89356e-05
3.82183e-05
7.22389e-05
1.59983e-07
6.47924e-05
5.96985e-05
6.49061e-05
3.25694e-05
4.94645e-05
2.18933e-05
5.46931e-06
5.3562e-05
7.25616e-05
2.32929e-05
5.26385e-05
5.54435e-05
6.17598e-06
3.50852e-06
9.84525e-05
-3.08932e-05
7.88974e-05
-2.16853e-05
3.47416e-05
7.28048e-05
-7.07536e-05
6.33973e-05
9.68316e-05
7.75979e-05
0.000125836
2.06533e-05
5.85999e-05
7.52924e-05
4.6285e-05
5.70587e-05
3.56183e-05
-9.79241e-05
-2.99673e-05
-2.96716e-06
1.17974e-05
4.49531e-05
5.52085e-05
0.000145938
8.30975e-05
3.72301e-05
0.000151365
6.03706e-05
5.18251e-05
7.43759e-05
6.49753e-06
7.3538e-05
0.00012196
9.46448e-05
7.68297e-05
7.85893e-05
5.12516e-05
0.000129032
4.07068e-05
0.00012305
3.82567e-05
0.00019526
4.93726e-05
3.32611e-05
0.000112664
6.76543e-06
8.22519e-05
7.22124e-05
2.44988e-05
7.96343e-05
4.89583e-05
2.84597e-05
-2.29831e-06
4.57748e-05
6.23086e-06
7.80388e-05
-6.9181e-05
6.53933e-05
3.93962e-05
6.04985e-05
-6.74697e-05
5.01908e-05
3.63012e-05
9.29904e-05
9.55287e-05
0.000108186
2.31132e-05
9.25092e-05
5.56484e-05
0.000114068
9.82151e-05
4.28334e-05
3.64563e-05
5.68114e-05
3.6909e-05
6.41359e-05
4.85618e-05
2.6838e-05
3.60336e-05
2.5285e-05
0.000103792
3.55201e-06
5.92676e-05
1.53437e-05
0.000154172
8.7456e-05
3.5434e-05
-1.41666e-05
1.59702e-05
6.09876e-05
-2.34793e-06
4.15467e-05
5.66362e-05
2.3099e-05
4.63624e-05
0.000117319
5.49189e-05
7.64325e-05
6.61618e-05
0.000106995
6.70175e-05
0.000121426
2.64796e-05
0.000125229
6.60197e-05
6.17995e-05
7.31696e-05
0.000151128
5.42827e-05
9.76795e-05
0.000105675
5.46499e-05
8.86453e-05
7.13046e-06
7.22934e-05
-1.20837e-05
3.88403e-05
2.7601e-05
3.05874e-05
4.52752e-05
1.84704e-05
5.7191e-05
0.000112122
3.44664e-05
0.000141081
1.04385e-05
-1.16015e-05
3.95628e-05
7.2192e-05
0.000140342
1.32764e-05
5.11915e-05
7.01881e-05
5.16942e-05
-2.77793e-05
7.23396e-05
8.23567e-05
5.08443e-05
3.78111e-05
0.000123506
9.52982e-05
4.75298e-05
2.30172e-05
0.000103856
7.11531e-05
9.80163e-05
1.72144e-05
-7.30118e-06
3.98512e-05
3.98425e-05
6.87972e-05
6.47608e-05
-2.40546e-05
0.000127796
0.000141214
0.000186212
2.12995e-05
1.89805e-05
6.2878e-05
2.1024e-06
7.92425e-05
1.86953e-05
4.0596e-05
0.000108145
3.55014e-05
3.9674e-05
1.40039e-05
0.000123968
3.32913e-05
8.12596e-06
4.4061e-05
4.28727e-05
-2.99414e-05
-9.49471e-06
5.40723e-06
1.85378e-05
2.11029e-05
3.82056e-05
9.09822e-05
8.49662e-05
-3.06852e-06
5.45115e-05
-2.1243e-05
3.55837e-05
7.2103e-05
5.99282e-05
9.65655e-05
0.000157336
1.69463e-05
4.72121e-05
1.6074e-05
0.000102761
-3.76843e-05
6.9295e-05
-6.16112e-05
0.000133269
3.41652e-05
0.000114584
9.36872e-05
1.0517e-05
7.10553e-05
5.00907e-05
8.54788e-05
2.58337e-05
7.58545e-05
8.98231e-05
0.000130442
8.79877e-06
0.000111597
4.07949e-05
1.89817e-05
0.000112728
6.77778e-05
8.80956e-05
-2.16246e-05
2.34334e-05
3.13472e-05
-1.09608e-05
8.0027e-05
5.03063e-05
5.2425e-05
-3.1778e-05
8.85028e-05
1.96327e-05
9.69144e-05
1.25641e-05
3.80779e-05
1.17981e-05
0.000107491
1.01592e-05
-2.24752e-05
0.000123572
4.42844e-05
6.36431e-05
4.00913e-05
0.000125139
4.13035e-05
5.23124e-05
-6.13415e-05
3.17233e-05
9.97112e-05
8.82122e-05
1.6984e-05
2.71346e-05
6.17355e-05
4.31234e-05
0.000170884
0.000136724
4.13625e-05
1.69396e-05
2.05528e-05
2.61342e-05
4.42835e-05
3.87291e-05
6.00858e-06
5.28055e-05
7.69875e-06
9.79305e-05
-5.59075e-08
4.29561e-05
9.14943e-05
4.215e-05
7.50528e-05
8.66654e-05
3.75844e-05
8.8653e-05
6.89798e-07
6.73543e-05
-3.46685e-05
5.77533e-05
0.000104042
5.0298e-06
0.000104651
0.000104033
-1.53477e-05
7.28785e-05
9.33212e-05
0.000160258
8.104e-05
0.000132185
0.000116642
5.04325e-05
3.51707e-05
1.08206e-05
1.43345e-05
3.14761e-05
-3.81212e-05
9.84154e-05
2.28967e-05
5.09402e-05
7.67065e-05
9.51234e-05
0.000106666
0.000118626
5.99887e-05
6.81691e-06
0.00010742
8.6473e-05
6.61564e-05
-2.14886e-05
5.67312e-05
3.75279e-05
4.88941e-05
6.7734e-05
9.71211e-05
9.68205e-05
-2.34428e-06
-8.03131e-06
5.76527e-05
9.42221e-05
-3.16999e-06
6.96818e-05
2.73744e-05
6.21362e-05
0.000109539
4.3554e-05
5.95894e-05
0.00012041
0.000158551
3.05864e-05
-7.12329e-05
6.67282e-05
3.98163e-05
3.79801e-05
0.000194922
1.14942e-05
4.91909e-05
-2.065e-05
5.38969e-05
8.50073e-05
7.59719e-05
9.55828e-05
4.40367e-05
8.21139e-05
0.000114309
5.22285e-05
3.2646e-05
-8.11873e-06
4.34056e-05
-1.47286e-05
1.5998e-05
4.62602e-05
4.67278e-05
-2.16239e-06
0.000124542
4.71923e-05
7.16616e-05
3.36104e-05
2.88537e-05
3.30743e-05
6.50602e-05
0.000106003
8.87081e-05
6.7052e-05
3.99215e-05
6.78748e-05
-1.39943e-06
-1.21359e-05
7.81782e-05
8.33281e-05
-5.36489e-05
1.78154e-05
6.71266e-05
0.000161699
7.23968e-05
6.3556e-05
2.8169e-06
0.000111385
7.11009e-05
6.01617e-05
9.60116e-05
3.10739e-05
2.47117e-05
1.13067e-05
6.12179e-05
7.95255e-05
4.48855e-05
-5.64768e-05
1.87048e-05
8.64318e-06
6.48549e-05
-3.03445e-05
8.7512e-05
6.30821e-05
8.9028e-05
4.88607e-05
8.44067e-05
5.84883e-05
2.66146e-05
3.60746e-05
8.4892e-05
0.000100658
5.08642e-05
4.01746e-05
6.94796e-05
2.37302e-05
7.21951e-06
-4.98627e-05
-2.72181e-05
1.0145e-05
3.48371e-05
8.20095e-05
6.00063e-05
5.38935e-05
9.80456e-05
1.20933e-05
7.32275e-05
5.07671e-05
8.54209e-05
3.21694e-06
3.40016e-05
1.71828e-05
7.90112e-05
8.25708e-05
9.04685e-05
5.22804e-05
1.54334e-05
8.09595e-05
4.43485e-05
0.000144494
7.04103e-05
0.000119727
6.91861e-05
2.65375e-06
8.37941e-05
-1.56027e-05
2.56055e-05
6.05798e-05
1.27474e-05
1.57502e-05
9.05653e-05
7.28875e-05
-4.97904e-07
6.34732e-05
4.39992e-05
3.37136e-05
5.97291e-06
0.000111364
0.000100917
0.000100168
8.63084e-05
7.04628e-05
1.70308e-05
3.92585e-05
2.73417e-05
4.04933e-07
3.461e-05
8.71394e-05
4.45526e-05
8.79621e-05
7.65377e-06
5.32456e-05
0.000145519
-9.44225e-05
1.75107e-05
6.50014e-05
7.27772e-05
8.38017e-05
7.03746e-05
6.0924e-05
5.1515e-05
0.000102971
5.11839e-06
4.89839e-05
5.1062e-05
-7.04662e-06
7.76577e-05
2.21492e-05
9.7953e-05
7.64382e-05
-3.22484e-05
4.80353e-05
6.70735e-06
8.93846e-05
7.63604e-05
8.4119e-05
2.39545e-05
4.63258e-05
4.73766e-05
3.8478e-05
2.64098e-05
9.15682e-05
8.59789e-05
6.91691e-05
5.83427e-05
4.17493e-05
0.000102859
1.15271e-05
-1.43905e-05
7.96037e-05
-9.83971e-06
9.0855e-05
5.13378e-05
6.69014e-05
0.000112172
9.32396e-05
6.77822e-05
5.65639e-05
3.58324e-05
1.36386e-05
-1.43919e-05
6.63409e-05
4.60612e-05
2.12085e-05
2.11004e-05
2.0519e-05
8.52142e-06
6.0389e-05
6.02177e-05
9.4586e-05
2.30908e-05
9.6e-05
8.3765e-05
7.8632e-05
-4.29375e-05
3.51304e-05
1.63221e-05
-1.93653e-05
0.000130779
4.36591e-05
8.2582e-05
4.84753e-05
0.000149078
5.76347e-05
-3.39292e-05
5.69927e-05
-6.74063e-05
6.13906e-05
3.00059e-05
0.000116426
7.49492e-05
9.87558e-05
2.80071e-05
8.79096e-05
0.000104808
5.21447e-05
-3.06622e-06
0.000104452
9.72223e-05
0.000131937
7.57444e-06
2.39194e-05
2.84884e-05
5.6884e-05
0.000103524
5.1627e-05
9.24176e-05
4.08391e-05
5.50205e-05
4.59739e-05
2.99436e-05
9.98607e-05
-5.06354e-05
-3.9962e-06
-1.373e-05
-7.17233e-06
7.2307e-06
0.000109399
1.60851e-05
3.13866e-05
9.17701e-05
5.32187e-05
5.01251e-05
9.06209e-05
3.3146e-05
7.03832e-05
3.28367e-05
4.77162e-05
-2.78079e-05
3.97301e-05
2.53287e-05
-2.54899e-05
0.000112114
3.08784e-05
4.79359e-05
-1.08347e-05
-3.35465e-05
4.88766e-05
4.94027e-05
-8.64728e-06
6.57323e-05
1.54273e-05
2.81505e-05
5.17173e-05
4.97684e-05
1.53695e-05
5.01801e-05
0.000131661
0.000120923
7.26262e-05
0.000127762
2.32274e-05
0.000123786
6.03914e-06
4.73237e-05
4.29487e-05
2.55609e-05
7.78294e-05
9.11515e-05
9.59835e-05
8.67757e-05
1.00813e-05
7.60289e-06
5.37341e-05
5.54644e-05
1.91801e-06
-2.4563e-05
0.000136078
3.73923e-05
1.33143e-05
-2.7861e-05
7.02922e-05
3.2704e-05
7.97987e-05
0.000105342
-1.06876e-06
-5.33888e-06
3.18397e-05
-3.54104e-05
2.39355e-05
6.64289e-05
7.58363e-05
6.65536e-05
-4.6006e-05
1.97136e-05
-6.90215e-06
6.80218e-05
3.40623e-05
0.00012908
5.315e-05
6.65439e-05
1.64411e-05
1.41093e-05
3.64051e-05
-5.28968e-05
2.43074e-05
8.71381e-05
6.53487e-05
8.80502e-05
3.32784e-05
0.000110716
2.12534e-05
5.65811e-05
1.3702e-05
6.30801e-05
3.69636e-05
9.18393e-05
5.08852e-05
0.000102715
-2.07581e-05
8.13197e-05
3.43345e-05
6.51659e-05
0.000111633
6.19935e-05
5.78977e-05
-5.96282e-05
-4.34761e-05
4.19503e-05
9.16203e-05
2.32011e-05
2.49794e-05
6.91998e-05
5.96371e-05
0.000143539
0.000133703
-3.44215e-05
2.8489e-05
2.87802e-05
0.000103261
8.5474e-05
0.000117503
6.35534e-05
4.114e-05
1.23652e-05
5.52908e-05
2.87865e-05
8.74768e-05
0.00011751
0.000104106
8.26632e-05
-1.70973e-05
9.63048e-05
1.21399e-05
-5.44195e-07
6.71107e-05
9.86449e-05
4.03536e-06
7.33673e-05
5.41637e-05
5.3062e-05
5.02604e-05
1.69392e-05
0.000134075
4.53117e-05
5.49785e-05
7.18154e-05
8.35526e-05
8.41448e-05
1.98522e-05
5.09546e-05
3.86565e-05
3.78161e-05
0.000148198
7.02169e-05
9.31736e-05
8.82133e-05
9.5233e-05
2.19641e-05
-5.35763e-05
4.07782e-05
2.03415e-05
9.36979e-06
8.48126e-05
5.7626e-05
0.000105966
5.37387e-05
2.66936e-05
4.69432e-05
7.60591e-05
8.53737e-05
0.000137497
5.70825e-05
8.36672e-05
5.98743e-05
3.06359e-05
-2.98642e-07
6.37321e-05
1.38791e-05
9.20521e-05
1.39595e-05
9.33258e-05
1.27925e-05
4.46603e-05
6.69698e-05
-2.31708e-05
3.91632e-05
5.49354e-05
4.60924e-05
9.43811e-05
7.61648e-05
4.61122e-05
8.56864e-05
0.000126034
-5.55046e-06
-1.40246e-05
5.54223e-05
0.000107748
9.78384e-05
7.31327e-05
3.76831e-05
1.3083e-05
8.86743e-05
-4.87658e-05
3.14163e-05
0.000109759
6.07939e-05
0.00011815
0.000100031
0.000126682
2.19463e-05
6.2679e-05
0.000105968
6.68359e-05
1.49002e-05
7.91507e-06
0.00013669
-2.48712e-06
8.725e-05
4.4e-05
7.09691e-05
0.000117327
8.72632e-05
-1.53227e-05
6.96479e-05
3.1479e-05
8.77123e-05
-1.50034e-05
0.000121904
5.31256e-05
8.95034e-05
-3.3545e-05
2.32927e-05
7.37436e-05
4.08024e-05
7.26058e-05
2.72829e-06
8.83456e-05
6.11925e-05
-4.13609e-06
1.50283e-05
0.000110012
3.59538e-05
3.65901e-05
4.79839e-05
-3.66818e-05
8.43217e-05
-2.63727e-05
6.23443e-05
6.36066e-05
-5.02686e-05
7.01678e-05
4.40343e-05
0.000126664
6.02364e-05
9.12436e-05
8.30117e-05
4.7399e-05
8.65601e-05
0.000135475
2.3644e-05
3.37604e-06
7.31411e-05
8.28624e-05
7.69586e-05
0.000130965
6.89597e-05
1.19934e-05
5.33901e-05
-1.23195e-05
4.80904e-05
9.99879e-05
-8.56462e-06
1.15647e-05
7.40184e-05
1.51771e-05
3.12717e-05
2.46713e-05
-2.47141e-05
0.000119819
3.16967e-06
-1.9254e-05
6.32958e-05
3.89774e-05
4.95126e-05
6.43614e-05
-4.9579e-06
6.06205e-05
5.24775e-05
1.06409e-05
6.35262e-05
-1.70938e-05
-2.31905e-05
0.000151877
-2.0537e-05
2.71934e-05
-9.09627e-06
4.79395e-05
0.000174483
2.3568e-05
0.000132076
4.46818e-06
1.44509e-05
8.08576e-05
-2.03393e-05
0.000101471
7.11655e-05
5.02358e-05
3.80825e-05
7.30091e-05
-2.45135e-05
2.93864e-05
6.07595e-05
1.72481e-05
5.34215e-05
0.00011372
0.000176675
2.24439e-05
2.73969e-05
6.38934e-05
0.000136733
8.3273e-05
0.00011247
5.34058e-05
5.78801e-05
6.29125e-05
-6.02586e-06
5.14371e-05
3.18073e-05
2.32499e-05
7.3632e-05
6.39323e-05
-8.70491e-06
6.01024e-05
5.47854e-05
7.12346e-05
1.73586e-05
0.000180479
-3.81788e-06
0.000161716
2.65246e-05
8.55138e-05
0.000133744
7.20006e-05
7.95202e-05
8.06706e-05
1.59604e-05
0.000144697
0.000113575
2.46951e-05
-1.1841e-05
0.000138482
0.000126814
1.00753e-05
0.000102778
4.59375e-05
5.18515e-05
2.58626e-05
0.00011599
8.69427e-05
1.27556e-05
-7.36659e-05
5.584e-05
3.84756e-05
8.75751e-05
-9.44975e-05
-1.36001e-05
-4.57269e-06
4.9534e-05
0.000102336
7.21657e-05
4.54653e-05
-1.56414e-06
2.22207e-05
9.7339e-05
0.000182812
-2.86945e-05
6.25904e-05
8.39327e-05
0.000145498
5.62802e-05
7.03401e-05
9.27898e-05
1.93203e-05
1.08057e-05
4.62826e-05
3.26722e-05
-5.63486e-06
6.00026e-05
4.82591e-05
5.46023e-05
8.19705e-05
0.000128559
1.92152e-05
3.68782e-05
0.00010822
7.8777e-05
0.000120116
8.87353e-05
8.10184e-05
9.2304e-05
0.000134701
5.79541e-05
8.51339e-05
6.29757e-05
2.15728e-05
8.44794e-05
3.08121e-05
8.80417e-05
4.53083e-05
1.41472e-05
5.88796e-05
2.10636e-05
-3.87745e-05
6.21048e-05
2.4323e-05
9.66557e-05
-5.91708e-06
0.000114611
2.05194e-05
2.84647e-05
7.48822e-05
0.000110641
4.9706e-05
5.82957e-05
5.77524e-05
6.52125e-05
8.9814e-05
-5.07378e-05
7.47122e-05
5.90098e-05
0.000156366
5.75879e-05
0.000105569
5.85861e-05
6.09047e-05
1.53673e-05
3.54349e-05
1.5039e-05
5.5321e-05
8.36656e-05
7.10873e-05
-2.86471e-06
7.66394e-05
7.64522e-05
4.08809e-05
5.16207e-05
4.30854e-05
9.10667e-05
4.81517e-05
0.000124457
7.69176e-05
2.94411e-05
7.7718e-05
5.93403e-05
9.2689e-05
2.13654e-05
9.2534e-05
7.16284e-05
7.69563e-05
6.46771e-05
8.42576e-05
0.000105286
6.18768e-06
1.71276e-05
6.70844e-05
5.12694e-05
0.000115363
4.87864e-05
8.38863e-05
8.77375e-05
1.5757e-05
5.58717e-05
-2.99186e-05
5.51729e-05
5.08665e-05
2.86495e-05
7.81175e-05
6.21946e-05
0.000135556
-4.98609e-05
2.20093e-05
9.62819e-05
7.77589e-05
7.92736e-05
1.98544e-05
-2.68184e-05
-4.09929e-05
0.000145781
-2.11591e-05
-2.09552e-05
4.66334e-05
-4.50733e-06
0.000149226
9.60741e-05
0.000123613
2.81521e-05
0.000150671
0.000115459
7.87352e-05
6.26933e-05
-4.1904e-05
2.97152e-05
6.91056e-05
0.000109649
0.000132163
0.000151384
8.61915e-05
5.05931e-05
0.000131592
1.99776e-05
0.000121682
7.88452e-06
4.21286e-05
0.000172947
7.97358e-06
5.97838e-05
1.44698e-05
3.70224e-05
0.00015222
-2.87816e-05
8.39811e-05
1.52709e-05
2.29749e-05
-1.94653e-05
3.19853e-05
0.000123379
5.70302e-05
7.25645e-05
7.86397e-05
-1.10238e-05
3.60788e-05
9.01662e-05
0.00014863
4.32427e-05
8.26508e-05
8.43545e-05
0.000128893
6.96865e-05
4.37184e-05
0.000111282
0.000179192
6.39674e-05
8.88584e-05
4.56946e-05
5.2797e-05
6.29856e-05
7.98999e-05
0.000119233
4.78074e-05
4.62822e-05
6.98416e-05
-1.14369e-05
-1.43558e-05
9.01555e-05
1.95726e-05
7.09018e-05
-3.20206e-06
8.42516e-05
7.83381e-05
-1.72529e-05
6.36761e-05
-2.88654e-06
3.80641e-05
-7.25567e-06
8.4809e-05
3.51278e-05
5.68248e-05
9.62397e-05
5.1504e-05
3.22072e-05
7.74349e-05
-3.16632e-05
8.75045e-05
5.49183e-05
0.000113204
1.62908e-05
6.2824e-05
0.000110248
-1.36225e-05
5.57748e-05
5.9729e-05
3.80128e-05
1.78644e-05
6.82263e-05
-6.67724e-05
5.27385e-05
5.83636e-05
0.000118939
8.85019e-05
1.17606e-05
7.49732e-06
8.15168e-05
7.22746e-05
5.20518e-05
0.000128778
8.69421e-05
0.00012611
3.11962e-05
9.18736e-05
-3.29864e-05
8.18065e-05
3.10609e-05
1.0122e-05
8.22344e-05
4.60838e-05
4.95047e-05
4.53556e-05
5.72897e-05
0.000209761
0.000119222
4.34618e-05
8.65314e-05
6.92698e-05
0.00011222
-4.82796e-05
6.35871e-05
4.30538e-05
-8.06991e-06
0.000115553
9.54291e-05
3.84416e-05
9.02616e-05
-3.84662e-05
-5.12657e-06
6.29436e-05
6.89648e-05
0.000132199
7.96739e-05
-9.78826e-06
6.24364e-06
-2.64115e-05
6.00303e-05
0.000145456
9.15745e-05
7.05906e-05
-6.7774e-07
6.89266e-05
6.83401e-05
7.4487e-05
0.000142203
2.2412e-05
0.000141636
-2.30568e-05
3.13815e-05
3.27719e-05
9.60203e-05
0.000106265
7.7642e-06
0.000202018
8.97974e-06
7.94215e-05
0.00011743
9.94847e-05
2.0218e-05
7.05708e-05
9.0683e-05
0.000104435
0.000136407
-5.83474e-06
3.32447e-05
6.15484e-05
3.78883e-05
4.8446e-05
3.93876e-05
1.58486e-05
5.53423e-05
0.000110853
-1.19276e-05
1.29674e-05
0.000110886
1.17289e-05
2.28403e-05
-4.7722e-06
0.000128485
0.000109523
0.000134138
7.63734e-07
4.34671e-05
6.58879e-05
7.55256e-05
4.94268e-06
1.07302e-05
9.96884e-05
0.000161331
0.000109573
4.91564e-05
0.000116871
3.62116e-05
0.000153997
2.21321e-05
8.43343e-05
-2.64855e-06
9.60041e-05
9.64279e-05
0.000101625
3.23953e-05
7.85835e-05
6.68033e-05
-3.70548e-05
8.41982e-05
-7.69384e-05
-2.31664e-05
9.98553e-05
8.66334e-05
6.72776e-05
6.90114e-05
2.64365e-07
8.32571e-06
4.34014e-05
5.49948e-05
0.00010236
-6.46907e-06
4.3269e-05
4.04584e-05
9.30122e-05
4.40291e-05
-1.59596e-05
1.0585e-05
5.06206e-05
6.83492e-05
2.78501e-05
-3.39371e-06
6.89316e-05
-2.36018e-05
0.000124915
0.000122718
2.44692e-05
5.02837e-05
9.19322e-05
7.27662e-05
6.24126e-05
0.000101101
9.7336e-05
4.31627e-05
8.1834e-05
9.17317e-05
-8.46368e-06
5.00615e-05
8.23513e-05
1.53698e-05
1.0043e-06
5.07272e-05
0.000109495
0.000120363
7.06136e-05
4.05591e-05
3.9386e-05
8.33614e-05
0.000116054
1.81205e-05
4.81744e-05
2.76729e-05
3.29526e-05
0.000109752
0.000129551
1.95107e-05
8.56421e-05
2.73326e-05
5.8363e-05
8.3192e-05
2.54555e-05
2.69029e-05
5.44376e-05
1.67895e-05
8.84647e-05
0.000131328
5.95833e-05
3.34223e-05
8.9705e-05
6.87877e-05
6.57778e-05
7.31734e-05
2.16873e-05
0.000131467
7.1411e-05
-3.85764e-05
0.000209297
4.03957e-05
8.34127e-05
4.34385e-05
-2.93571e-05
9.34347e-05
7.6109e-06
-5.34082e-06
7.78339e-05
1.34582e-05
7.58191e-05
-1.64044e-05
8.09338e-05
-1.81631e-05
8.63657e-05
-3.50877e-05
2.20603e-05
8.70339e-05
1.63869e-06
6.56082e-05
-2.62165e-06
2.79187e-05
6.1512e-05
9.68022e-05
9.80507e-06
8.13349e-05
-5.08264e-06
4.65475e-05
4.11852e-05
6.99892e-05
6.2663e-05
9.47393e-06
9.62527e-05
4.91257e-05
3.18672e-05
4.01986e-05
7.83624e-05
3.48803e-05
4.66882e-05
3.87611e-05
5.82107e-05
-2.05846e-05
3.52425e-05
8.28553e-05
0.000120689
-5.00767e-05
0.000135705
-0.000123581
-5.26928e-05
2.90329e-05
6.85364e-05
4.65285e-05
8.92519e-05
5.56789e-05
0.000111116
4.62065e-05
0.000118956
2.60118e-05
6.86601e-05
5.43506e-05
6.52259e-05
4.75647e-07
5.04032e-05
4.42355e-05
0.000148315
-3.67066e-05
9.54809e-05
6.10951e-05
6.48552e-05
0.000100016
-1.63607e-05
4.47327e-06
0.000192909
7.08197e-05
5.36083e-05
5.33744e-05
9.79013e-05
8.07912e-05
2.8845e-05
4.70785e-05
-1.59592e-05
0.000104857
0.000104361
3.157e-05
6.58949e-05
7.79862e-05
5.46419e-05
7.36031e-05
3.48897e-05
1.38056e-05
3.82462e-05
3.73669e-05
4.34814e-05
9.89304e-05
6.44349e-05
0.000102115
5.13515e-06
0.000114531
6.02566e-05
0.000108224
0.000134254
8.93443e-05
-3.18681e-05
1.60465e-05
7.16726e-05
3.0509e-05
7.22236e-05
3.64222e-05
3.31524e-05
6.23592e-05
0.000115115
4.96146e-05
1.63307e-05
0.00011497
3.85459e-05
7.74689e-05
3.04758e-05
0.000106977
2.30418e-05
3.11287e-06
0.000111865
8.06371e-05
0.000135929
4.91903e-05
9.87864e-05
0.000126497
5.78935e-05
6.50801e-05
9.55699e-05
4.35511e-05
5.46183e-05
8.23326e-05
8.93028e-05
-2.89289e-05
9.48457e-05
2.98029e-05
0.000115548
-5.30028e-07
-3.93971e-05
0.000133428
6.8252e-05
0.00011291
1.17249e-05
2.3e-05
4.84165e-06
6.63033e-06
7.72149e-06
0.000152171
0.000121316
1.69984e-05
6.83432e-05
2.40582e-05
0.000121449
8.8913e-05
9.04607e-05
7.831e-05
3.75511e-05
5.40432e-05
8.55099e-05
7.31044e-05
6.00544e-05
1.03425e-05
6.52094e-05
2.38161e-05
6.6206e-05
5.83125e-05
-7.39897e-06
-5.89151e-06
0.000111061
0.000123915
0.000134835
0.00010778
4.2432e-05
7.37559e-05
1.30189e-06
2.69885e-05
3.11318e-05
0.000143591
1.49558e-05
0.000107299
5.57929e-06
2.74016e-05
6.90028e-05
0.000102725
2.70235e-05
4.13313e-05
-9.89725e-06
0.000117076
4.44115e-05
2.91065e-05
0.000103379
9.13784e-05
0.000108346
0.000111755
6.89872e-05
9.14743e-05
0.000160652
0.000114652
1.55237e-05
-4.34551e-05
0.00012468
2.36539e-05
5.60119e-05
0.000151966
4.74912e-05
6.902e-05
4.68121e-05
0.000106506
-5.47031e-06
7.82269e-05
7.9444e-05
7.84765e-05
0.000117005
3.40584e-05
7.11632e-05
-1.32185e-05
4.83538e-05
4.50255e-05
5.34625e-05
5.13218e-05
6.44808e-05
4.89048e-05
6.90601e-05
5.52306e-05
4.87631e-05
4.55756e-05
8.52844e-06
9.93924e-05
7.97284e-05
5.01073e-05
4.7916e-05
9.58613e-05
8.92143e-05
4.22558e-05
9.44488e-05
3.03306e-05
3.80727e-05
4.38063e-05
3.41543e-05
7.83184e-05
8.42841e-06
1.63369e-05
3.21406e-05
4.59159e-05
8.13005e-05
3.25969e-05
4.44224e-05
0.000126471
0.000129399
9.78466e-05
0.000125202
3.30196e-05
0.000152358
3.76619e-05
3.27197e-05
2.74683e-05
-3.6615e-05
-1.84271e-05
0.000118661
0.000131389
0.000112758
3.13091e-05
4.66863e-05
9.02171e-06
8.3248e-05
7.00881e-05
-4.44849e-05
4.25257e-05
3.24729e-05
8.69831e-05
5.97649e-05
6.20049e-05
8.51249e-05
6.48494e-05
6.98635e-05
9.09866e-05
5.68555e-05
0.00018401
0.000124918
0.000115268
3.58518e-05
8.4492e-05
5.2637e-05
-2.80459e-05
7.52783e-05
3.67816e-05
-1.35948e-05
0.000121247
1.68978e-06
3.02399e-05
4.17648e-05
3.35583e-05
3.66201e-05
4.16746e-05
8.48494e-05
5.66978e-05
-5.31068e-06
0.000112178
8.78699e-05
3.15853e-05
0.000107701
2.46853e-05
4.34933e-05
2.57599e-05
0.000128511
4.74367e-05
9.68656e-05
-1.43908e-05
7.61382e-05
8.3872e-06
3.53656e-05
3.92385e-05
-1.31061e-05
0.000141072
3.13279e-05
1.81941e-05
4.11876e-05
5.30315e-06
0.000160734
4.97789e-05
4.58616e-05
3.68034e-05
-7.52344e-06
0.000108841
7.37071e-05
7.06362e-05
4.61113e-05
6.8298e-05
2.15023e-05
1.10496e-05
-2.51889e-05
2.79485e-05
2.923e-05
4.07965e-05
4.66966e-05
4.2304e-05
-1.63201e-05
3.01933e-05
2.7283e-05
4.47554e-05
1.1894e-05
7.33422e-05
2.77002e-05
7.67681e-05
4.65937e-05
7.94519e-05
0.000150139
8.76993e-05
2.85324e-05
6.51207e-05
6.74375e-05
7.66376e-06
5.58952e-05
-3.88724e-05
2.99549e-05
1.67496e-05
0.000163683
7.29474e-05
-1.73823e-06
6.64149e-05
9.47106e-05
0.00014088
7.14976e-05
5.60084e-05
0.000120144
0.000139383
9.25177e-05
5.49741e-05
7.39189e-05
6.65707e-05
-9.52735e-07
-2.54954e-05
3.82365e-05
0.000151904
4.73233e-05
3.82248e-05
2.37815e-05
2.9935e-05
-3.76382e-05
4.86325e-05
8.34674e-06
3.79567e-05
2.11155e-05
-5.68662e-05
-2.26764e-05
3.85428e-05
7.27568e-05
8.74372e-06
4.92432e-05
-1.19758e-05
4.00508e-05
1.6502e-05
0.000111391
9.51767e-05
6.77692e-05
0.00015825
0.000147321
2.76579e-05
3.44808e-05
8.32382e-05
0.000119813
4.55407e-05
7.60917e-06
8.65607e-06
8.2937e-05
9.49923e-05
0.000117093
7.94486e-06
-2.15647e-05
6.85476e-05
3.76613e-05
0.000121959
0.000101132
3.01645e-05
0.000163359
3.62569e-05
6.53817e-05
0.000161403
2.08928e-05
6.00768e-05
2.81393e-06
7.43715e-05
7.0676e-05
4.75074e-06
-9.76652e-06
2.38164e-05
0.000122511
9.96161e-05
-9.80973e-06
6.18475e-05
1.29571e-06
2.17658e-05
0.000103424
-1.85342e-05
2.28478e-05
2.58194e-05
0.000106929
-2.68543e-05
6.36243e-05
3.85918e-05
-3.66946e-05
7.49669e-05
0.000103998
0.000116404
0.000118944
8.85336e-05
7.52483e-05
4.42817e-05
7.7892e-05
3.858e-05
3.13149e-06
8.82837e-05
6.22067e-05
0.000161704
-9.89013e-06
6.5008e-05
4.35994e-05
8.86618e-05
9.06829e-05
0.000105096
6.42498e-05
3.96193e-05
1.37218e-05
7.81891e-05
0.00019206
3.45664e-05
5.59018e-05
8.42029e-05
3.25575e-05
1.49386e-05
8.95761e-05
0.000109482
4.21789e-05
9.53802e-05
-6.35241e-05
0.000107945
1.95432e-05
6.30893e-05
-1.07641e-05
3.22032e-06
9.02581e-05
0.000124195
3.02842e-05
7.16479e-05
6.83309e-05
2.76491e-05
6.90006e-05
4.84209e-05
7.82021e-05
-1.6159e-05
-4.03591e-05
1.93524e-05
3.32507e-05
4.01797e-05
1.28989e-05
6.0892e-05
4.36272e-05
6.1186e-06
3.96906e-05
7.10737e-05
-1.01929e-05
0.000143601
2.28552e-06
8.97347e-05
-8.05285e-06
4.68651e-07
5.06115e-05
2.26512e-05
-1.66108e-05
3.56005e-05
6.0291e-05
-2.30164e-05
-6.64656e-06
8.54346e-05
6.9611e-05
3.38951e-05
0.000112361
4.65366e-05
6.06234e-05
3.72855e-05
1.18559e-05
1.26171e-05
9.6131e-05
3.07974e-05
-4.48447e-05
5.0463e-05
0.000103077
4.59773e-05
1.39871e-05
2.27733e-05
-2.46686e-05
4.69775e-05
1.26391e-05
-1.91718e-05
0.000162935
0.00014921
-2.31974e-06
0.000195007
-2.53628e-05
2.39269e-05
3.46078e-05
0.000122813
8.59562e-05
0.00015262
2.68507e-05
-4.22333e-05
1.70606e-05
9.26139e-05
0.000106473
-6.84703e-05
2.86217e-05
-2.23524e-07
2.45647e-05
7.35471e-05
0.000107653
0.00010653
5.09637e-05
-2.41447e-05
7.37419e-05
-7.40765e-05
4.48032e-05
0.000132688
6.12276e-05
0.00012622
4.35264e-06
8.44084e-05
2.81228e-05
0.000123783
2.06877e-05
3.49467e-05
-1.69532e-06
5.31766e-05
6.12514e-05
1.36796e-05
5.83742e-05
7.46764e-07
6.00303e-05
-2.88671e-05
7.90411e-05
7.47598e-05
9.87533e-05
-1.52795e-05
6.62931e-05
-5.21477e-05
4.84115e-05
1.55468e-05
8.65213e-05
-6.94682e-05
1.54171e-05
1.56857e-05
3.20629e-05
3.35685e-05
7.1668e-05
5.95906e-05
5.16161e-05
5.71657e-05
2.41738e-05
7.11463e-05
3.00559e-06
8.62438e-05
4.09403e-06
5.37841e-05
3.34695e-05
6.60804e-05
0.000133885
4.41485e-05
0.00011084
4.9767e-05
6.14558e-05
9.17833e-05
2.09686e-05
3.56415e-05
2.14935e-06
0.000108498
7.22348e-06
-2.26636e-06
8.07675e-05
0.000104789
6.99791e-05
4.14133e-05
1.99221e-05
6.00901e-05
5.96433e-05
9.88794e-05
0.00016317
0.000110187
6.79802e-05
0.000104088
3.51617e-05
-5.41229e-05
1.23193e-05
5.31634e-05
9.81447e-05
-9.23956e-06
5.60107e-05
4.7646e-05
0.000112071
4.02784e-05
3.59104e-05
6.77654e-05
7.36299e-05
8.5227e-05
0.000123543
7.77019e-05
3.15921e-05
9.19354e-05
7.76018e-05
5.80281e-05
0.000101434
3.66687e-05
5.88281e-05
6.25728e-05
5.25396e-05
0.000149122
5.78097e-05
4.03512e-05
-3.32638e-05
1.96721e-05
1.23014e-05
6.42744e-05
-6.83041e-05
6.4057e-05
5.17949e-05
8.20173e-05
4.98547e-05
3.08224e-05
6.19512e-05
6.55889e-05
-1.94746e-05
3.62151e-05
9.44236e-05
0.000133468
5.28631e-05
9.33154e-05
9.85845e-05
0.000168089
4.40974e-05
-1.33429e-05
7.25863e-05
1.015e-07
0.000100501
0.000147278
6.2735e-05
0.000153702
3.34131e-05
3.50526e-06
0.000204271
3.85193e-06
6.44783e-05
1.52943e-05
1.45159e-05
3.97978e-05
8.37013e-05
3.14911e-05
-1.09143e-05
3.76455e-05
0.00010731
2.48993e-05
6.73262e-05
6.34104e-05
7.86776e-05
0.000127857
-3.18665e-06
3.888e-05
