1.46937e-07
-5.78128e-08
2.03737e-07
4.0737e-07
5.58868e-07
1.33262e-07
1.70208e-07
2.662e-07
1.87656e-07
6.07373e-07
1.3028e-07
2.40526e-07
2.69256e-07
2.26588e-07
1.15983e-09
5.02385e-08
-1.00646e-08
-3.75607e-08
2.14937e-07
1.37779e-07
7.89107e-08
-2.97588e-08
9.47783e-08
2.20124e-07
8.34913e-08
2.99682e-07
1.69192e-07
3.59696e-07
7.49863e-08
1.50569e-07
2.28775e-07
2.43619e-07
1.07156e-07
-2.5715e-08
3.41208e-07
1.27517e-07
1.61496e-07
1.84635e-07
9.13005e-08
1.23551e-08
1.58875e-07
-7.38297e-08
3.23448e-07
4.59911e-07
1.29178e-07
1.48224e-07
1.33036e-07
1.29114e-07
5.1761e-07
3.07454e-07
1.61977e-07
2.86909e-08
3.88141e-07
1.09354e-07
2.55199e-07
1.84287e-07
1.36919e-08
3.19402e-07
3.93294e-07
6.58607e-08
4.98329e-08
1.2029e-07
1.05462e-07
1.24091e-07
2.1869e-07
1.63864e-07
5.89363e-08
1.52304e-07
-1.95711e-08
2.68108e-07
-8.30816e-08
4.34782e-07
5.95881e-07
7.68682e-08
9.72983e-08
4.85461e-08
8.21817e-08
5.37442e-08
3.10956e-07
3.69956e-07
4.1214e-07
2.2024e-07
7.98203e-08
-7.77281e-08
4.25531e-08
-1.05779e-08
1.02902e-07
8.75972e-08
2.04299e-07
2.14458e-07
1.4966e-07
1.93048e-07
9.42492e-08
1.29896e-07
1.34269e-07
2.56572e-07
-4.75687e-08
1.12752e-07
2.17438e-07
1.86712e-07
1.77296e-07
2.18114e-07
3.05636e-07
1.54581e-07
4.82308e-07
9.39559e-08
2.09489e-07
3.46449e-07
2.14049e-07
2.9014e-07
1.55682e-07
1.49957e-07
1.89904e-07
2.32193e-07
2.88504e-07
1.9034e-07
2.55717e-07
2.64166e-07
-6.8133e-08
3.01017e-07
3.23022e-08
2.43898e-07
5.85527e-07
2.00073e-07
3.75822e-08
4.05896e-08
1.8189e-07
4.68954e-09
1.79582e-07
2.38001e-07
2.06709e-07
1.87529e-07
1.98114e-08
4.5038e-07
3.87292e-07
3.72737e-08
-2.082e-08
1.10795e-07
6.48969e-08
9.57461e-08
1.7491e-07
2.86526e-07
5.73799e-08
1.70784e-07
1.41884e-07
4.14648e-08
9.40436e-08
3.13959e-07
1.25406e-07
3.15377e-07
2.24023e-07
6.31817e-08
1.57213e-07
-9.16495e-08
-4.83339e-08
1.99635e-07
-4.04444e-09
2.62066e-07
1.52242e-07
1.91491e-07
1.69129e-07
-1.96369e-08
1.73238e-07
1.74041e-07
3.68086e-08
-2.71411e-08
9.85506e-09
1.65172e-07
1.04314e-07
3.57054e-07
1.17519e-07
1.08766e-07
1.7729e-07
2.5673e-07
1.03322e-07
7.67748e-08
1.37002e-07
2.81419e-08
3.50709e-07
2.65518e-07
6.96082e-08
1.68388e-07
5.19686e-08
1.42631e-08
2.59877e-07
1.76416e-07
1.86314e-08
2.05999e-07
9.08268e-08
1.46955e-07
1.58189e-07
2.59286e-07
2.48246e-07
2.02431e-07
1.56618e-07
2.33321e-07
2.15211e-07
-6.56451e-08
1.2217e-07
1.64517e-07
1.18518e-07
1.78629e-07
1.33198e-07
2.72658e-07
-7.8228e-08
1.91404e-07
2.06522e-07
1.27503e-07
2.58911e-07
8.04178e-08
3.1239e-07
2.20369e-07
2.49582e-08
-3.73618e-08
1.37291e-07
1.99903e-07
5.63896e-08
4.99363e-08
9.85002e-08
2.61135e-07
6.95246e-08
6.73881e-08
6.15785e-08
1.63776e-07
2.63119e-07
2.34745e-07
4.73628e-08
4.13067e-07
1.20159e-07
1.04392e-07
2.03756e-07
-6.68998e-08
5.92746e-08
3.13219e-07
3.35875e-07
1.47251e-07
3.02578e-07
2.67661e-07
4.90746e-07
3.39449e-07
1.48447e-07
-4.87209e-08
4.24426e-07
1.83029e-07
2.4939e-07
1.32133e-07
7.50104e-08
-4.29891e-08
1.23434e-07
9.43379e-08
1.65497e-07
1.92458e-07
1.80458e-07
1.83919e-07
1.55597e-07
2.22786e-07
2.22475e-07
3.46404e-07
1.07619e-07
3.00517e-07
6.16292e-08
1.99715e-07
6.75047e-08
-2.86326e-08
1.68394e-07
6.76052e-08
1.13859e-07
1.33261e-07
5.92718e-08
1.32838e-07
1.72508e-07
3.20734e-07
2.50576e-07
-1.2066e-08
1.36937e-07
1.92067e-07
1.69063e-07
1.79292e-07
3.03001e-07
-1.64064e-07
8.24165e-08
1.07392e-07
2.07902e-07
2.78841e-07
1.79393e-07
1.80928e-07
1.17497e-07
2.27165e-07
2.49675e-07
1.42609e-07
2.48288e-07
5.97866e-07
3.13347e-07
1.70691e-07
1.39867e-07
5.72921e-07
6.23029e-08
1.23357e-07
7.007e-08
1.49916e-07
2.73617e-07
1.91211e-08
2.07235e-07
1.29775e-07
-3.60967e-08
1.75306e-07
4.04337e-08
4.44928e-08
2.28572e-08
7.65461e-09
9.09385e-08
3.09432e-07
3.36366e-08
1.97236e-07
3.43668e-07
-2.0187e-09
1.83424e-07
-1.11152e-07
1.71737e-07
3.39223e-07
8.87705e-08
1.8149e-07
9.47944e-08
8.42427e-08
2.11838e-07
1.87037e-07
2.37535e-07
1.04388e-07
2.04757e-07
4.51281e-08
-5.70899e-08
-4.06821e-08
8.9163e-08
3.27677e-07
-1.0824e-08
2.96974e-07
1.8011e-07
1.84694e-07
2.59628e-08
1.46884e-07
-6.24287e-09
1.58386e-07
1.43061e-07
1.75459e-07
2.48297e-07
2.77132e-07
3.27646e-08
7.26163e-08
9.98121e-08
3.99867e-07
2.26332e-07
2.72254e-07
1.09458e-07
2.70188e-07
1.8889e-07
1.52256e-07
1.89626e-07
3.07726e-07
2.38382e-07
3.15199e-08
1.21293e-08
-1.3427e-07
2.02759e-07
7.58715e-08
2.23464e-07
8.89259e-08
1.10435e-07
1.00947e-07
2.08889e-08
1.1736e-07
7.64076e-08
1.72222e-08
8.6512e-08
9.78226e-08
-1.49911e-07
9.78641e-08
6.1993e-08
2.52933e-07
2.75303e-07
1.24753e-07
3.01687e-08
1.07087e-07
3.02587e-07
1.5591e-07
1.54609e-07
1.6696e-07
2.53191e-07
1.10823e-07
3.31455e-07
6.54757e-07
8.31077e-08
3.57453e-07
1.96749e-07
1.81849e-07
3.20886e-07
1.6841e-07
-1.70286e-08
1.23169e-07
5.86581e-08
1.09029e-07
1.83626e-07
1.34662e-07
2.46972e-07
2.12096e-07
4.48205e-08
-6.75761e-08
1.69733e-07
-3.6876e-08
1.21795e-07
-4.9371e-08
1.86128e-07
-4.18215e-08
4.93372e-07
9.12618e-11
2.26544e-07
2.21691e-07
1.93799e-07
3.17438e-07
1.90213e-07
4.55609e-07
1.25359e-08
1.00998e-08
7.40634e-08
2.19309e-08
1.49692e-07
1.69142e-07
2.75123e-07
2.41181e-07
1.90045e-07
2.73033e-07
2.81917e-07
5.4487e-08
1.52113e-07
1.76556e-07
5.70784e-08
8.75318e-08
1.05549e-07
2.10241e-07
2.95434e-07
3.12014e-07
1.43922e-07
1.67893e-07
-3.71065e-08
2.68727e-07
-8.44839e-08
5.91034e-07
1.24263e-07
2.79295e-07
1.88466e-07
3.28924e-07
2.80197e-07
-2.84242e-08
2.71682e-08
1.2191e-07
7.1936e-08
2.62312e-07
1.77914e-07
1.47369e-07
2.91351e-07
2.40971e-07
7.86776e-08
2.13277e-07
1.33822e-07
8.07431e-08
5.18352e-08
3.79697e-07
4.33815e-07
1.6114e-07
4.93002e-08
-1.91165e-08
2.42877e-07
-5.46474e-08
1.6838e-07
1.52983e-07
1.54569e-07
2.98966e-07
5.01578e-07
6.81523e-08
3.53435e-07
1.41119e-07
3.99246e-07
1.92684e-07
9.45327e-08
1.20631e-07
1.72777e-07
2.64165e-07
1.57967e-07
2.87836e-07
2.28745e-07
-3.69021e-08
1.9712e-07
2.93224e-07
-5.18452e-08
6.1882e-08
9.82222e-08
7.08668e-09
2.78776e-07
1.96516e-07
7.32053e-08
2.77378e-07
1.39543e-07
1.33208e-08
8.8253e-08
3.27046e-07
1.08162e-07
-3.91911e-08
2.31474e-07
2.4266e-07
7.11887e-09
4.81732e-07
1.53813e-08
2.0485e-07
2.67363e-07
2.62405e-07
9.96339e-08
5.01261e-08
2.66023e-07
9.15255e-08
1.59963e-07
2.78405e-07
1.91115e-07
7.04364e-08
1.24346e-07
4.13461e-07
3.82605e-07
2.5532e-07
4.88625e-08
4.29494e-07
4.54311e-07
-4.28822e-08
2.83312e-07
2.64132e-07
5.70161e-08
2.35153e-07
3.98479e-07
2.49321e-07
-4.37836e-08
1.78599e-07
2.85386e-07
-1.36213e-07
-1.02186e-07
1.21129e-07
2.91949e-08
1.33912e-08
1.90099e-07
3.32479e-07
4.39185e-08
1.91555e-07
1.10413e-07
5.41563e-08
2.49583e-07
2.49089e-07
1.34379e-07
2.93042e-08
8.74501e-08
1.13509e-07
9.82123e-08
1.8949e-07
3.02769e-07
6.56576e-08
2.76419e-08
5.06333e-08
4.12042e-07
1.08956e-07
3.76759e-08
2.73071e-07
3.07155e-07
1.45669e-07
2.39767e-07
2.24388e-07
1.86474e-07
3.9699e-08
4.10206e-07
2.50101e-07
6.33982e-08
9.63761e-08
1.97211e-07
3.17275e-07
1.98865e-07
2.21297e-07
1.70793e-07
4.35001e-08
2.60666e-07
1.61583e-07
4.18521e-07
2.18957e-07
3.05531e-07
1.85803e-07
7.04168e-08
1.62617e-07
5.95759e-07
3.87072e-07
1.91615e-07
1.74918e-07
6.03496e-08
-1.05354e-07
2.71207e-08
2.75908e-07
2.5658e-07
1.62037e-07
-4.19767e-08
2.31699e-07
1.12605e-07
1.75095e-07
2.95442e-08
1.6321e-07
2.81861e-07
1.34891e-07
-8.43054e-09
5.00675e-07
1.36267e-07
7.19014e-08
2.50249e-07
2.39709e-07
1.29736e-07
1.53014e-07
1.76976e-07
3.75342e-07
9.78606e-08
3.55803e-07
5.21959e-08
3.23306e-07
-1.34117e-07
4.93365e-08
1.40578e-08
7.07573e-09
1.81158e-07
9.06187e-08
1.10679e-07
1.15452e-07
1.57945e-07
3.75641e-07
-6.54864e-08
1.73614e-07
1.74248e-07
7.40702e-08
1.98642e-07
4.01614e-07
2.72033e-07
6.83405e-08
5.93606e-08
1.13034e-07
-2.5981e-08
2.51867e-07
2.40758e-07
-6.47112e-08
8.32677e-08
4.98029e-07
2.75013e-07
1.56355e-07
1.83935e-07
1.93451e-07
1.43872e-07
7.58623e-08
2.01571e-07
1.58848e-07
2.83433e-08
2.87539e-07
7.55513e-08
4.21554e-08
-5.29429e-08
7.53277e-08
1.62803e-08
5.41765e-08
2.44115e-07
1.88826e-07
1.13498e-07
1.0445e-07
1.98535e-07
2.48081e-07
-1.89981e-07
2.1353e-07
2.72749e-07
3.03566e-07
3.04223e-07
1.35213e-08
-4.20663e-08
1.22771e-07
2.94256e-07
2.57661e-07
2.20665e-07
2.99252e-07
1.97175e-07
2.25176e-07
1.14922e-07
3.35752e-07
2.6767e-07
1.37334e-07
9.98249e-08
3.33559e-08
1.99216e-07
4.57055e-08
1.72202e-07
2.72201e-07
8.89514e-08
3.0778e-07
1.50154e-07
1.54187e-07
1.76068e-07
1.80363e-08
2.25731e-07
3.27851e-07
4.99217e-08
8.15057e-08
1.57077e-07
2.69019e-07
1.81303e-07
2.72546e-07
2.15689e-07
9.0516e-08
1.26007e-07
2.21281e-07
8.49457e-09
1.23948e-07
2.6313e-07
6.95542e-08
5.4655e-08
1.33244e-07
3.33228e-07
3.32082e-08
1.45612e-07
1.54561e-08
2.20012e-07
1.10179e-07
2.15989e-07
2.98489e-07
8.57535e-08
-5.08693e-08
4.76241e-07
5.49888e-07
1.48454e-07
3.07046e-07
3.26605e-07
2.38188e-07
3.86556e-09
8.31471e-08
6.84486e-08
9.12303e-09
4.77023e-07
-1.07424e-07
9.19016e-08
1.53752e-07
-6.38726e-08
1.83709e-07
5.05011e-07
-5.89055e-08
1.58079e-07
3.06547e-08
-1.37712e-07
-5.20576e-09
1.00828e-07
2.73297e-07
1.23198e-07
2.19854e-07
2.32031e-07
1.11571e-07
2.05718e-07
8.12265e-08
3.81696e-07
2.98619e-07
1.02515e-07
-5.85691e-08
1.23869e-07
2.41115e-07
4.9736e-07
2.83477e-07
-3.43399e-08
9.06193e-09
2.87229e-07
1.64311e-07
2.77156e-07
1.08158e-07
1.15274e-07
2.04368e-07
4.17456e-08
1.05528e-07
2.99336e-07
2.60084e-07
3.93664e-08
2.2022e-07
4.50118e-07
2.07491e-07
9.84088e-08
1.96477e-07
2.08825e-07
3.42479e-08
7.95668e-08
8.35838e-08
-1.25019e-08
-5.19873e-08
1.34224e-07
1.04827e-07
2.81697e-07
6.46482e-08
5.89613e-07
2.82482e-07
8.02614e-08
1.21455e-07
3.27345e-07
1.31687e-07
2.06526e-07
1.94011e-07
2.58791e-07
-5.17605e-08
2.95921e-07
-1.33049e-08
2.7955e-07
2.73746e-07
8.51374e-08
1.62657e-07
-9.87248e-08
1.36677e-07
1.62595e-07
-6.6397e-08
-8.08753e-08
1.47519e-07
5.93172e-08
6.3149e-08
2.62783e-07
2.94523e-07
1.82761e-08
7.5893e-08
-3.78164e-08
7.94976e-08
2.11973e-07
1.90794e-07
7.78745e-08
1.52627e-07
1.55164e-07
1.52264e-07
-3.68268e-08
5.4098e-07
2.38165e-07
2.54205e-07
1.66762e-07
3.44078e-07
5.03738e-08
1.34205e-07
3.47735e-07
1.98147e-07
3.29474e-07
1.57682e-07
1.0948e-07
3.5066e-07
1.51648e-07
1.26094e-07
1.94797e-07
2.83179e-07
2.78056e-07
1.94295e-07
1.93371e-08
1.83632e-07
7.63258e-08
1.02622e-07
2.46638e-07
8.75863e-09
1.38219e-07
2.90811e-07
9.99966e-08
1.42903e-07
8.26037e-08
1.31572e-07
1.88103e-07
1.91258e-07
1.23366e-07
1.13969e-07
2.23615e-07
2.36722e-07
2.04953e-07
2.35313e-07
1.18681e-07
-2.35611e-08
6.73652e-08
-1.37856e-07
2.09213e-07
2.26761e-07
-6.29312e-10
4.50129e-08
2.4236e-07
7.52837e-08
2.05898e-07
8.10485e-08
5.87172e-07
8.97232e-08
4.62362e-07
1.14937e-07
1.14358e-07
5.45706e-09
8.53685e-08
1.07677e-08
5.07638e-08
1.51822e-07
2.93468e-07
2.66476e-07
1.36162e-07
9.87097e-08
2.16304e-07
3.65479e-07
1.47205e-07
1.13441e-07
1.55834e-07
3.86567e-07
3.58634e-07
1.53108e-07
6.64948e-08
4.83782e-08
2.30284e-07
1.23441e-07
1.53053e-07
1.71052e-07
5.17702e-08
1.78532e-07
2.13094e-07
-7.13216e-08
-3.11875e-08
3.46133e-07
1.78165e-07
8.13358e-08
6.03673e-08
1.50988e-07
7.66328e-08
1.07969e-07
3.00013e-07
-9.45996e-08
1.51806e-07
-1.72234e-08
2.71447e-07
9.3202e-08
1.07059e-07
1.76449e-07
1.77409e-07
1.47521e-07
2.17807e-07
3.53038e-07
1.66683e-07
2.66494e-07
1.10049e-07
4.03633e-07
3.6186e-07
1.43307e-07
2.68161e-07
2.76616e-08
2.5913e-07
2.24795e-07
4.08545e-09
1.8916e-07
1.43124e-07
3.86893e-08
6.10494e-08
2.45313e-07
8.30066e-08
2.02808e-08
8.59451e-08
2.54186e-07
3.01215e-07
1.25793e-07
3.6331e-07
1.28599e-07
4.98087e-08
2.08706e-07
2.87813e-07
2.37222e-07
4.50485e-07
2.2802e-07
2.69741e-07
2.67271e-07
2.05247e-07
1.36491e-07
2.69543e-07
6.9712e-07
1.91446e-07
2.45803e-07
1.72948e-07
8.68503e-08
-1.87871e-08
5.03571e-07
3.81917e-07
2.66002e-07
7.47978e-08
4.33971e-08
9.8357e-08
9.89001e-08
2.39694e-07
1.35442e-07
2.17313e-07
2.11533e-07
2.76129e-07
3.21985e-07
-8.30566e-08
3.43494e-07
2.74903e-07
3.17618e-07
1.40501e-07
1.09034e-07
3.63761e-07
2.0918e-07
1.51029e-07
1.50586e-07
8.65866e-08
6.69283e-09
2.17697e-07
1.86824e-07
1.22022e-07
8.60999e-08
4.39293e-07
7.02038e-08
1.82979e-07
-1.31885e-08
9.57756e-08
6.26412e-08
4.02925e-07
4.05796e-07
4.18363e-07
2.06992e-07
2.32404e-07
2.64936e-07
7.4489e-08
3.14437e-07
1.14498e-07
6.99631e-08
9.8076e-08
-3.60075e-09
4.29333e-09
1.14641e-07
1.52487e-07
1.10293e-07
5.95654e-08
1.0318e-07
2.38808e-07
1.76846e-07
2.37726e-07
2.58709e-07
8.03074e-08
2.85187e-07
6.92399e-08
1.39656e-07
6.92243e-07
1.58909e-07
2.11e-07
1.56776e-07
4.47081e-08
1.85801e-07
9.19635e-08
1.13835e-07
1.70117e-07
4.90047e-07
3.37311e-08
3.89952e-07
2.09816e-07
3.23754e-07
-1.6e-07
4.04718e-07
2.63908e-08
2.26687e-07
3.86789e-07
6.33023e-08
-7.31366e-08
2.06635e-07
2.87967e-07
4.46528e-07
3.57585e-07
1.55729e-07
1.79467e-07
9.04398e-08
8.83755e-08
9.09346e-08
1.19927e-07
3.3997e-07
9.59934e-09
-4.50363e-08
2.64096e-07
1.71015e-07
1.12065e-07
1.61632e-07
1.10418e-07
1.39122e-07
1.23202e-07
1.43065e-07
-3.63601e-08
1.03214e-07
1.38979e-07
2.00289e-07
1.21303e-07
2.03245e-07
6.9369e-08
1.7514e-07
3.86836e-07
2.3667e-07
2.58106e-07
7.68318e-08
1.22046e-07
5.43295e-07
3.37935e-07
1.06429e-07
2.63423e-07
-4.1863e-08
2.97752e-09
5.82147e-07
7.16685e-07
2.00037e-07
1.39669e-07
9.00234e-08
2.29455e-07
-1.50772e-08
2.08585e-07
1.8274e-07
2.04016e-07
1.7273e-08
3.81412e-07
2.23495e-07
1.296e-07
1.20802e-07
6.43028e-08
3.38149e-07
1.0132e-07
8.19411e-08
-1.39146e-07
3.33444e-08
2.50782e-07
3.46313e-07
2.40407e-07
1.48739e-08
1.44077e-07
9.04375e-08
2.31351e-07
4.93913e-08
6.09384e-08
1.93269e-07
1.39231e-07
1.56588e-07
3.36633e-07
-6.79289e-09
8.77971e-08
1.76249e-07
3.56383e-08
1.29722e-07
1.4063e-07
2.65231e-07
1.73511e-07
1.50939e-07
1.29997e-07
1.34986e-07
2.63545e-07
6.81209e-08
2.33973e-07
5.91825e-07
2.18184e-07
1.97445e-07
2.58618e-08
3.00782e-07
3.52457e-08
5.00802e-07
1.31408e-07
6.03916e-08
2.25446e-07
4.5277e-08
5.41222e-07
1.13141e-07
1.06301e-07
6.23515e-09
-4.47587e-09
2.94869e-07
3.63966e-08
5.82741e-08
3.05851e-07
1.42942e-07
2.52498e-07
6.56077e-08
1.97404e-07
1.01989e-07
-9.92144e-08
2.00403e-07
1.67792e-07
-2.15699e-08
1.10448e-07
1.34139e-07
1.03451e-07
1.10703e-07
9.24335e-09
1.34735e-07
5.92698e-07
1.96481e-07
2.51747e-07
3.80405e-07
2.08874e-07
2.00704e-07
2.07608e-07
3.08157e-07
1.56993e-07
1.65027e-07
1.70882e-07
2.37072e-07
3.48963e-07
4.11171e-08
2.0091e-07
2.7442e-07
1.13204e-07
2.98229e-07
2.71972e-07
4.8106e-07
9.39346e-08
2.08465e-07
4.99099e-07
4.84511e-07
1.60005e-07
1.58218e-07
2.44375e-07
2.26224e-07
5.76586e-07
-6.01402e-08
2.55129e-07
8.59421e-08
4.06119e-08
2.41007e-07
2.58868e-07
1.62082e-07
1.8645e-07
-1.84194e-08
1.15603e-07
2.99383e-07
8.30252e-08
8.93059e-08
2.35949e-07
1.93264e-07
1.5687e-07
7.99768e-08
2.36486e-07
-3.05435e-08
2.96626e-07
2.61718e-08
1.70347e-07
1.61672e-07
-5.05212e-08
1.36211e-07
1.87501e-07
1.85107e-07
1.11338e-07
1.76986e-07
1.41874e-07
2.71541e-07
4.00973e-07
-4.17003e-08
2.46189e-07
2.09539e-07
-4.05082e-08
2.33304e-07
-7.7169e-08
2.04404e-07
1.50462e-07
8.19399e-09
9.40946e-08
7.95063e-08
3.63284e-08
2.52475e-07
1.16351e-07
5.81139e-07
-1.10514e-08
1.59781e-07
4.12087e-07
4.60696e-08
1.85991e-07
2.55373e-07
1.89584e-08
2.67651e-07
9.53264e-08
3.16484e-07
5.84863e-08
3.77712e-07
1.25823e-07
3.27067e-07
1.23468e-07
3.75457e-07
3.05956e-07
7.21928e-09
1.27883e-07
2.60048e-07
-8.4446e-09
2.99859e-08
1.61228e-07
2.59986e-07
4.02313e-07
3.04397e-07
8.42463e-08
2.35587e-07
-1.09922e-07
4.30968e-08
1.56751e-07
3.81602e-07
2.2e-07
1.0471e-08
1.23288e-07
4.56129e-08
1.61788e-07
1.73421e-07
1.91216e-07
1.57968e-07
1.64124e-07
1.76658e-07
7.13421e-08
1.21001e-07
3.2444e-07
2.06168e-07
2.73903e-07
2.21971e-09
5.97335e-08
8.66235e-08
1.78926e-07
1.30568e-07
7.9372e-08
3.16419e-07
2.78982e-07
1.28326e-07
1.40396e-07
2.81209e-07
1.92865e-07
1.62263e-07
2.99184e-07
7.2665e-08
2.60062e-07
1.68925e-07
-3.90994e-08
3.6543e-08
3.33782e-07
7.66938e-08
1.92044e-07
1.11437e-07
8.44134e-09
1.23478e-07
1.91448e-07
-1.51913e-08
5.56992e-08
2.26241e-07
1.14265e-07
4.32321e-08
6.16842e-08
2.37076e-07
2.7407e-07
5.83793e-08
1.47174e-07
2.41817e-07
3.67828e-07
6.6515e-08
2.84824e-08
4.83993e-07
-4.0975e-08
1.06241e-07
4.12773e-08
9.10253e-08
2.49692e-07
1.52277e-07
1.72808e-07
2.03713e-07
1.45679e-07
2.09186e-07
1.13487e-07
2.16975e-07
5.26724e-08
2.14377e-08
2.73282e-08
6.04709e-08
5.41863e-08
1.34473e-07
-3.0271e-08
9.74497e-08
2.6318e-07
2.42521e-07
-2.82474e-09
1.70973e-07
1.82124e-07
2.18503e-07
1.5507e-08
3.51542e-07
2.99659e-07
1.69539e-07
1.33442e-07
2.4567e-07
2.6414e-07
2.51269e-07
1.72788e-07
1.78357e-07
-9.67385e-08
8.31888e-08
2.83343e-07
3.55401e-08
1.9657e-07
3.01233e-07
5.76047e-07
1.72491e-07
3.42051e-08
-5.92113e-08
8.71095e-08
1.93716e-07
-1.45475e-08
2.80508e-07
-1.47718e-08
1.7396e-07
1.85213e-07
1.2664e-07
7.57855e-08
5.99121e-08
-2.26557e-08
2.91787e-07
1.40769e-07
1.76061e-08
1.99538e-07
1.29998e-07
2.72219e-07
2.21806e-07
3.62987e-07
2.47992e-07
-7.72363e-08
2.05759e-07
3.30805e-07
-1.01204e-07
2.0429e-07
4.55756e-07
7.34383e-07
1.51777e-07
-9.14318e-09
4.65898e-07
8.00189e-08
2.4851e-08
1.11796e-07
1.52742e-07
1.68246e-07
2.31474e-07
2.30627e-07
2.18373e-07
2.27129e-07
1.27394e-07
2.3093e-07
1.00531e-07
1.6117e-07
2.1592e-07
3.18935e-07
1.65199e-07
2.57358e-07
4.05235e-07
2.37156e-08
2.01248e-07
1.18139e-07
5.104e-07
1.52783e-07
2.78725e-07
4.60532e-07
2.40965e-07
1.19027e-07
-1.20465e-08
-1.51506e-08
3.41009e-07
2.91715e-07
2.94351e-07
-9.77643e-08
3.77661e-07
3.69963e-08
2.09086e-07
2.45988e-07
2.83981e-07
1.26086e-07
-1.07785e-08
3.4732e-07
4.01226e-07
1.05627e-07
3.44936e-08
1.44376e-07
3.50153e-07
4.27758e-08
2.64465e-07
-7.33562e-08
-5.71035e-08
-2.05439e-08
1.65579e-07
1.77053e-07
1.57095e-07
1.5114e-07
1.11966e-07
5.12588e-07
8.97329e-08
3.01708e-07
2.88117e-07
6.26868e-08
5.05788e-08
3.10467e-08
1.36282e-07
2.12668e-07
1.93601e-07
4.75312e-08
1.03556e-07
-1.45712e-07
1.06933e-07
1.86905e-07
3.09425e-07
8.38524e-08
6.85165e-08
1.70182e-07
1.13746e-07
2.58838e-07
9.06155e-08
1.78508e-07
3.00334e-07
1.95154e-08
2.88057e-08
3.65659e-07
3.4053e-08
2.13686e-07
2.29102e-07
2.90091e-07
5.03482e-08
7.16237e-09
9.9039e-08
1.98247e-07
8.48292e-08
1.76017e-07
2.37388e-07
1.25345e-07
1.63687e-07
1.96691e-07
3.95118e-07
1.88524e-07
1.42933e-07
4.1472e-07
2.74494e-07
3.40839e-08
2.39059e-07
1.20572e-07
1.00812e-07
1.4735e-07
2.3029e-07
1.82904e-07
2.29177e-08
1.7674e-07
1.28969e-08
2.10576e-07
2.46964e-07
1.33792e-07
7.7731e-08
1.22336e-07
1.0373e-08
2.48254e-08
3.41697e-07
1.46658e-07
3.00421e-07
2.1055e-08
3.3813e-07
1.6823e-07
4.41627e-08
1.00422e-07
1.5648e-07
7.99197e-08
2.79257e-07
3.6821e-08
2.88552e-07
2.88743e-07
-1.4358e-08
3.10094e-07
1.38982e-07
8.55365e-08
6.83795e-08
4.13978e-08
2.01154e-07
3.64617e-07
6.13137e-08
3.35139e-07
3.18427e-07
1.86228e-07
1.60785e-07
8.66785e-08
1.48895e-07
3.06874e-07
1.68955e-08
-9.30708e-08
9.03616e-08
6.20135e-08
7.56264e-08
1.0943e-07
2.23524e-07
1.16547e-07
1.86968e-07
4.68988e-08
1.09814e-08
2.29866e-08
1.62122e-07
7.35583e-08
2.57548e-07
4.14862e-08
4.02615e-09
5.05146e-08
9.11802e-09
4.802e-07
2.13551e-07
7.1572e-08
6.20739e-08
2.86798e-07
3.41004e-08
5.39786e-08
2.3583e-07
1.56111e-07
3.02632e-07
2.38258e-07
2.93258e-07
1.55864e-07
1.96858e-07
2.3906e-07
1.22689e-08
6.21356e-08
1.24908e-08
1.77658e-07
9.8486e-08
2.6298e-07
1.75748e-07
3.9723e-07
2.11031e-07
2.57732e-07
1.82761e-07
1.83211e-07
2.5912e-07
3.24106e-07
5.0835e-08
6.62925e-08
1.82388e-07
1.67862e-07
-1.2253e-07
1.26692e-07
3.60164e-07
1.15536e-07
2.37247e-07
7.0604e-08
-6.85701e-08
-3.31805e-08
2.29701e-07
9.65755e-08
1.42687e-07
2.75287e-07
-2.70919e-08
4.28373e-07
9.33841e-08
-1.96792e-08
1.29609e-07
1.81404e-07
1.28172e-07
3.90939e-07
1.79265e-07
2.7112e-07
4.08481e-07
2.90802e-07
2.57227e-07
3.17955e-08
9.48087e-08
1.77695e-07
9.14982e-08
1.08218e-07
3.94035e-07
2.28286e-07
1.23796e-07
1.7648e-07
5.43204e-07
2.54952e-07
2.81335e-07
3.94963e-07
1.88756e-07
1.38884e-07
3.60741e-08
2.34483e-07
9.52405e-08
2.18721e-07
3.26773e-07
3.44675e-07
1.92744e-07
9.79454e-08
3.60676e-07
-1.81155e-07
1.59881e-07
-1.25142e-07
1.29034e-07
-6.42451e-08
-5.40867e-08
3.40227e-08
3.95929e-07
2.21238e-08
7.25528e-08
1.16579e-07
-2.68737e-08
2.66332e-07
-9.2243e-08
1.4604e-07
3.24291e-08
2.12792e-07
1.23401e-07
6.29836e-08
-1.84571e-08
2.58719e-07
1.46657e-07
3.14224e-07
1.30538e-07
3.93549e-07
4.66936e-08
4.68066e-08
1.35738e-07
3.21297e-07
1.8287e-07
9.45324e-08
-6.00199e-08
-1.16846e-07
1.6626e-07
1.1551e-07
-3.47643e-08
7.36639e-08
9.92082e-08
1.73617e-07
2.23912e-07
1.49684e-07
3.24809e-07
1.01415e-07
4.81049e-07
2.68288e-07
2.14817e-07
1.19278e-07
5.31433e-08
8.19379e-08
2.26112e-07
2.35462e-07
1.66871e-07
4.76274e-08
1.96793e-07
2.43563e-07
1.48363e-07
2.65595e-07
1.76975e-07
1.43822e-07
2.08242e-08
1.68762e-07
1.237e-07
2.81463e-07
2.86928e-07
9.78593e-08
2.76783e-07
1.02198e-07
1.27701e-07
2.33057e-08
1.00815e-07
2.66179e-07
2.23436e-07
1.98245e-07
2.39718e-07
1.17758e-07
2.21493e-08
2.20042e-07
1.09119e-07
6.87832e-08
4.29986e-08
3.84557e-08
2.64778e-07
1.74894e-07
1.88555e-07
1.32369e-07
1.36541e-07
1.47468e-07
7.29696e-08
1.50327e-07
8.7065e-08
6.59286e-08
3.63676e-07
3.29552e-08
8.26018e-09
2.34602e-07
2.22441e-07
8.09183e-08
4.16766e-08
2.38843e-07
1.69093e-07
1.45752e-08
3.7015e-07
1.52445e-07
2.11151e-07
1.36906e-07
1.32708e-07
2.19977e-08
2.87154e-08
-5.79271e-08
2.72697e-07
1.69206e-07
1.35756e-07
2.91644e-07
6.13853e-07
1.58484e-07
7.59901e-08
1.6016e-07
5.25225e-07
2.75772e-07
2.82913e-07
2.72278e-07
9.24786e-08
1.13998e-07
8.6642e-08
5.20264e-08
1.19127e-07
2.99761e-07
6.32679e-08
-7.54946e-08
2.20035e-07
1.53797e-07
2.36669e-07
4.13478e-07
6.92002e-08
2.38776e-07
5.26768e-07
2.58326e-07
4.54601e-08
1.48924e-07
3.28588e-07
6.70185e-08
2.40624e-07
2.38759e-07
1.74853e-07
1.73068e-07
8.32114e-08
2.1641e-07
2.41885e-07
2.67872e-07
1.48927e-07
3.94037e-07
2.15643e-07
4.44317e-07
1.01214e-07
-5.95013e-08
3.17958e-07
1.86462e-07
-3.09081e-08
2.65622e-07
1.6227e-07
4.78763e-08
1.45067e-07
1.03533e-07
2.32205e-07
6.25947e-10
5.00253e-07
1.19868e-07
1.66341e-07
2.36536e-07
2.24685e-07
2.83537e-07
2.7532e-07
-9.07365e-08
1.23239e-07
3.77286e-07
2.69436e-07
1.32255e-07
2.82543e-07
9.72445e-08
1.46558e-07
6.33365e-08
-5.40607e-08
3.9635e-07
2.75108e-08
3.00504e-07
2.74426e-08
9.40884e-08
2.71373e-07
1.68446e-07
-1.96386e-09
1.03239e-07
1.88934e-07
2.17065e-07
4.40822e-08
1.47097e-08
1.63022e-08
3.29512e-07
1.18747e-07
1.58094e-07
1.00228e-08
2.45616e-08
3.87622e-07
4.63995e-08
2.70843e-07
1.17753e-07
2.60678e-07
2.42918e-07
9.81016e-08
3.25388e-07
-4.40535e-08
2.24319e-07
1.46192e-07
2.11208e-07
2.05771e-07
3.98342e-08
8.36322e-08
1.86562e-07
1.80117e-07
1.93903e-07
1.70367e-07
5.4096e-08
-4.3101e-08
1.94482e-09
1.74711e-07
7.94919e-08
2.09602e-07
1.19106e-07
1.62479e-07
2.0144e-07
4.43992e-07
1.48243e-07
2.70759e-07
1.39151e-07
-2.6402e-08
2.67064e-07
8.33957e-09
1.66608e-07
5.2553e-08
2.08334e-07
1.5158e-07
5.11863e-08
5.30373e-08
2.16824e-07
2.8817e-07
1.67949e-07
2.53478e-07
7.56333e-08
2.00048e-07
1.49609e-07
2.38907e-07
7.88534e-08
-8.03269e-08
7.64885e-08
-1.23053e-07
4.39222e-08
3.00836e-08
1.03513e-07
1.56556e-07
9.26203e-08
2.16883e-07
2.73671e-07
-2.20683e-08
-9.01371e-08
5.61823e-08
2.40664e-07
-7.83324e-08
8.10376e-08
1.30121e-07
1.65666e-07
3.06487e-07
1.59517e-07
1.37253e-07
2.98371e-07
-2.61843e-08
2.3935e-07
1.5525e-07
6.66379e-08
2.28838e-07
1.00694e-07
-1.48019e-08
1.59664e-07
-9.06448e-08
2.02534e-07
1.22031e-07
5.96988e-08
3.38878e-07
1.31687e-07
-8.07239e-09
1.50155e-08
1.56482e-07
1.9937e-07
5.9922e-08
3.34862e-07
1.48556e-07
1.71186e-07
1.02526e-07
2.53868e-07
8.29981e-08
1.58882e-07
2.07316e-07
-1.73704e-08
6.46759e-08
-6.70872e-08
1.94363e-08
2.56391e-07
2.34175e-08
-4.76523e-08
6.8296e-08
3.40977e-08
1.25165e-07
8.30462e-08
1.17237e-07
3.024e-07
1.48264e-07
1.03412e-07
3.97988e-07
1.83157e-07
2.87594e-07
3.68118e-07
9.98059e-08
2.5046e-07
1.36232e-07
4.40964e-07
1.14772e-07
-7.38826e-08
6.33786e-08
1.00418e-07
1.07344e-07
1.08083e-07
2.9109e-07
2.00193e-07
2.44759e-07
1.83854e-07
-8.67602e-08
3.39389e-07
1.82491e-07
2.07958e-07
2.37635e-07
1.42624e-07
1.25953e-07
-3.93471e-08
2.05862e-08
7.46397e-08
2.22842e-07
8.00867e-08
2.41119e-07
2.32994e-07
4.17021e-08
3.41262e-07
3.02441e-07
2.54411e-07
1.72052e-07
1.793e-08
-6.66715e-08
3.12415e-07
2.47224e-07
3.13685e-08
1.84336e-07
2.24671e-07
1.17675e-07
2.0726e-07
4.46777e-08
-1.84133e-08
9.75931e-08
2.70019e-07
3.55592e-07
-2.90416e-08
1.95323e-07
1.621e-07
1.34196e-07
1.34999e-07
3.50087e-08
-3.23496e-09
5.38523e-07
1.27742e-07
5.0883e-08
1.2237e-07
3.3673e-07
3.60796e-07
2.49733e-07
2.0426e-07
2.30569e-07
1.96043e-07
5.24072e-09
2.04282e-07
1.25337e-07
8.20875e-08
-1.32906e-08
2.46182e-07
-4.14137e-08
2.26886e-08
-2.87219e-08
2.70669e-08
1.48665e-07
3.33751e-08
9.97344e-08
1.75973e-07
1.56646e-07
1.04879e-07
1.15597e-07
2.69458e-07
1.0716e-07
2.28478e-07
4.74691e-08
8.53734e-08
9.57008e-08
1.49555e-07
2.11069e-07
2.97269e-08
5.88727e-08
-1.779e-08
9.23782e-08
1.04475e-07
1.61867e-07
2.99654e-07
2.47375e-08
1.45416e-07
1.37728e-07
2.33416e-07
2.42059e-08
2.7434e-07
3.93128e-07
7.45139e-08
1.99486e-07
-2.76216e-08
3.6814e-07
1.08618e-07
1.1906e-07
3.8388e-07
1.65513e-07
7.64418e-08
1.53422e-07
1.50019e-07
1.8661e-07
1.74522e-09
1.18446e-08
3.05571e-07
-6.76462e-09
9.61032e-08
1.34438e-07
1.76291e-07
2.51352e-07
1.37706e-07
-1.15901e-07
1.37738e-08
1.92502e-07
1.02755e-07
2.86384e-07
1.16579e-07
-3.83396e-08
1.19301e-07
1.62635e-07
4.72558e-08
1.17255e-07
1.63476e-07
2.62143e-07
-1.60826e-07
2.70031e-07
1.74931e-07
2.43988e-07
2.23187e-07
1.82173e-07
2.51397e-07
3.47157e-08
5.38654e-08
3.83011e-07
2.04105e-07
7.26371e-09
1.67786e-07
1.11165e-07
-8.94156e-08
1.78154e-07
-7.93064e-08
6.02585e-09
2.08938e-07
1.66257e-07
1.80699e-07
1.41113e-07
2.01727e-07
6.97644e-08
7.02761e-08
8.24612e-08
-3.86e-08
2.35569e-07
2.44076e-07
1.33338e-07
1.31839e-07
1.5749e-07
2.1343e-07
1.97402e-07
1.2931e-07
2.49051e-07
9.50965e-08
2.216e-07
2.34622e-07
-1.21804e-08
1.91329e-07
1.57537e-07
1.67274e-07
5.00879e-08
1.29294e-07
1.17386e-07
1.1906e-07
3.06163e-07
2.44988e-07
1.89477e-07
1.60368e-07
-3.68786e-08
7.69119e-08
1.46121e-07
1.84163e-07
2.61594e-07
1.44828e-07
2.22002e-07
1.20179e-07
1.96635e-07
1.05381e-07
3.623e-07
3.08576e-08
3.36789e-08
2.07355e-08
8.59707e-08
9.82761e-08
1.88886e-07
3.1442e-07
1.59287e-07
6.73417e-08
3.33821e-07
-4.35167e-08
1.13279e-07
8.07587e-08
2.26018e-07
1.81356e-07
4.39325e-07
1.71203e-07
1.35084e-07
1.1932e-07
2.19462e-07
1.90235e-07
2.35736e-07
1.25475e-07
-8.58749e-08
1.99597e-07
3.03489e-07
2.83447e-07
3.20171e-07
2.43912e-07
-1.51956e-08
1.36787e-07
1.56626e-07
5.19377e-08
1.74033e-07
1.28884e-07
2.37424e-07
7.26787e-08
-1.29686e-07
2.0423e-07
1.80272e-07
2.08856e-07
5.72409e-08
5.3535e-08
2.52147e-07
3.97476e-07
2.59459e-08
1.03542e-07
1.95689e-07
1.6293e-07
-5.97563e-08
5.72132e-07
6.59649e-08
2.11355e-09
3.84769e-07
-6.32129e-08
-6.94064e-09
2.56865e-07
1.17323e-07
6.75265e-09
2.50808e-08
1.14298e-07
2.17912e-07
-5.01078e-08
7.01431e-08
1.68339e-07
1.12234e-07
3.57369e-07
3.66349e-07
1.12113e-08
1.64843e-07
1.82754e-07
4.85353e-07
-6.00648e-08
2.86508e-07
3.86509e-07
2.5222e-07
3.1193e-07
3.98342e-07
7.60663e-08
1.0225e-09
1.39783e-07
1.43683e-07
3.49179e-07
7.16966e-08
-1.97565e-08
2.88941e-07
2.45951e-07
1.29143e-07
3.45031e-08
2.38382e-07
1.62872e-07
1.49192e-07
1.40226e-07
1.67332e-07
1.67755e-07
8.74893e-09
2.49961e-07
3.04983e-07
9.43878e-08
1.34545e-07
3.34587e-07
2.99975e-07
2.28761e-08
2.73043e-07
1.68872e-07
3.08379e-08
2.80571e-08
6.51797e-08
-2.9634e-08
6.23653e-08
2.48061e-07
2.058e-07
8.88078e-08
1.25332e-07
1.34366e-07
1.24274e-07
-2.65759e-08
1.05972e-07
2.14086e-07
2.04295e-07
8.424e-08
1.87619e-07
1.32588e-07
3.39625e-07
1.89054e-07
3.38213e-07
9.13186e-08
5.35577e-07
9.53308e-08
-1.0941e-07
1.22453e-07
1.47794e-07
1.34238e-07
5.20948e-07
3.49321e-08
2.64646e-07
9.38094e-08
2.42568e-07
1.52592e-07
3.17265e-08
2.18417e-07
3.52968e-07
1.31643e-07
6.02708e-07
1.46291e-07
2.02091e-07
-1.12169e-08
2.56721e-07
1.59843e-07
3.20257e-07
1.11304e-07
3.97469e-07
2.49988e-07
8.81657e-08
4.0755e-08
3.24101e-07
3.88488e-07
2.83714e-08
1.57597e-07
2.19946e-07
1.71536e-07
4.11104e-09
2.54885e-07
-4.7103e-08
2.90562e-07
9.72194e-08
2.18326e-07
5.10437e-07
1.75349e-07
1.23718e-07
3.08757e-07
5.42455e-08
1.43475e-07
-3.33099e-08
3.57953e-07
8.88536e-08
-6.38061e-08
3.55128e-07
2.42302e-07
7.604e-08
2.5339e-07
1.30226e-07
1.23429e-07
1.68164e-07
4.91214e-08
3.99109e-07
3.74763e-08
1.35417e-07
1.49589e-07
3.59491e-08
7.08765e-08
-5.49559e-10
3.85546e-07
2.9604e-07
2.6721e-07
1.75077e-07
2.27504e-07
2.33733e-07
2.72571e-07
1.64243e-07
-1.22938e-10
1.15326e-07
1.35359e-07
1.61321e-07
3.25078e-07
3.2676e-07
2.336e-08
7.56206e-08
1.58692e-07
2.06927e-07
4.85098e-08
1.2267e-07
3.23973e-07
1.94549e-07
-7.08923e-08
1.17564e-07
8.58389e-08
1.60009e-07
2.51088e-08
4.06851e-07
2.3139e-07
2.70617e-07
3.28061e-07
2.86325e-07
1.78704e-07
2.19233e-07
1.55078e-07
3.07193e-07
2.56977e-07
1.56947e-07
5.56302e-08
2.75964e-07
1.26052e-08
3.31122e-07
1.80684e-07
2.56952e-07
1.62757e-07
1.46951e-07
4.20065e-07
2.33139e-07
1.77726e-07
2.83199e-07
1.98255e-07
9.24386e-08
-4.93072e-08
2.47718e-07
3.67808e-07
-5.49781e-09
1.4649e-07
1.95373e-07
1.13623e-07
3.18758e-07
1.4891e-07
1.77257e-07
-7.51364e-08
5.3871e-07
7.78382e-08
1.82894e-08
1.58282e-07
3.12537e-07
1.38462e-07
7.32519e-08
2.31056e-07
9.75204e-08
2.56764e-07
3.42976e-07
-1.30426e-08
6.97823e-08
1.66932e-07
-2.15434e-08
1.60484e-07
2.17718e-07
2.2694e-07
1.88344e-07
1.86832e-07
-6.75191e-09
1.15865e-08
1.94793e-07
2.67536e-07
2.88538e-07
9.3844e-08
2.25306e-07
6.62127e-07
1.93961e-07
1.22176e-07
-1.35023e-08
1.23048e-07
3.33096e-07
1.59466e-07
1.51249e-07
1.41156e-07
2.60673e-07
2.12489e-07
1.14894e-07
2.66589e-07
2.33625e-07
1.6041e-07
1.3674e-08
3.67021e-07
1.62561e-07
5.90217e-07
1.50094e-07
6.16973e-08
-3.26604e-08
8.43991e-08
2.64316e-07
-7.82315e-09
2.55487e-07
2.43892e-07
1.82616e-07
3.90928e-08
3.3776e-07
-2.0276e-07
9.76866e-09
8.16527e-08
3.02746e-07
1.89974e-07
2.60184e-07
3.72682e-09
2.90494e-07
2.37285e-07
1.35249e-07
5.48684e-08
2.85108e-08
1.09799e-07
6.26138e-07
2.84718e-07
9.37133e-08
2.11937e-07
2.44526e-07
1.46011e-07
1.74375e-07
3.52917e-07
9.16208e-08
2.02868e-07
8.67525e-08
1.62208e-07
2.35055e-07
2.40679e-07
3.00562e-07
3.72154e-08
1.10563e-07
2.13935e-07
9.13068e-08
9.38466e-09
2.3009e-08
8.85841e-08
2.42682e-07
1.159e-07
1.66838e-07
1.82978e-07
2.10334e-08
4.68437e-07
1.70906e-07
2.28594e-07
2.0436e-07
1.37238e-07
6.0443e-08
2.0961e-07
5.27329e-08
2.33713e-07
2.05003e-07
1.04921e-07
1.16661e-07
1.12733e-07
1.04094e-07
2.76916e-07
1.43829e-07
1.23764e-07
1.43306e-07
2.87712e-07
-1.05104e-07
3.03073e-07
-4.34154e-08
1.45879e-07
9.20495e-08
8.42461e-08
1.32454e-07
4.72372e-07
1.51596e-07
1.79972e-08
3.20593e-07
9.99207e-08
2.78565e-07
1.47639e-07
1.52003e-07
5.81736e-08
9.139e-08
1.24117e-07
1.22903e-07
-1.14105e-07
1.86785e-07
9.47276e-08
1.37848e-07
2.27023e-07
2.67668e-07
9.5477e-08
-4.07195e-08
3.18365e-07
1.1392e-07
2.67535e-07
2.17187e-07
3.17448e-08
2.52981e-07
2.48607e-08
2.41561e-07
2.25359e-07
3.24104e-08
1.42651e-07
1.74194e-07
1.33878e-07
2.03746e-07
1.59073e-07
5.47482e-08
2.91605e-07
1.86846e-07
1.70241e-07
2.26035e-07
1.54663e-07
1.51184e-07
3.61944e-07
1.48578e-07
1.49777e-07
3.33092e-07
7.44977e-08
1.67164e-07
1.46895e-07
-7.15346e-08
1.75109e-07
1.16215e-08
2.14751e-07
1.6526e-07
1.65925e-07
1.21913e-07
5.32655e-08
1.45522e-07
-5.1737e-08
2.48516e-07
4.02132e-07
6.71845e-08
2.75324e-07
1.95264e-07
4.10154e-08
6.73394e-08
5.6145e-08
1.89794e-08
2.27914e-07
7.5286e-08
2.19915e-07
7.4642e-08
1.36058e-07
9.70947e-08
2.81095e-07
1.70288e-07
2.16732e-07
1.48231e-10
1.91295e-07
2.45217e-07
2.44921e-07
3.90132e-07
1.33116e-07
1.92357e-07
2.32778e-07
2.8301e-08
2.54643e-07
2.82846e-07
9.40404e-08
4.94086e-07
2.93217e-07
3.49977e-07
6.82248e-09
1.87358e-08
1.50373e-07
1.78059e-07
1.19172e-07
3.09048e-07
4.69012e-08
2.17271e-07
5.043e-07
1.86695e-07
1.95658e-07
4.83712e-08
3.33692e-07
1.08917e-07
-3.3738e-08
3.22132e-07
2.87916e-07
2.95137e-07
2.39381e-07
1.53897e-07
1.3728e-07
1.28671e-07
8.8915e-08
1.04954e-07
1.29341e-07
2.50126e-07
2.43592e-07
1.82928e-07
9.55844e-08
4.08266e-08
6.97017e-08
1.67717e-07
2.2118e-07
1.82784e-07
5.40392e-09
1.5306e-07
1.62792e-07
3.3623e-07
1.24879e-07
2.65454e-07
2.05336e-07
2.2624e-07
2.69111e-07
-9.60193e-08
4.9619e-07
-9.8679e-10
1.96985e-07
1.8012e-07
-3.86966e-08
1.49704e-07
1.60368e-07
1.74457e-07
3.10795e-07
2.96485e-07
4.57815e-08
3.80032e-07
3.31718e-07
1.96316e-07
1.44758e-07
1.02651e-07
1.98243e-07
2.26077e-08
1.04877e-07
3.45816e-07
2.07244e-07
2.40529e-07
1.05638e-07
2.29937e-07
2.34969e-07
2.52827e-07
2.03991e-07
2.26636e-07
8.70302e-08
-2.32396e-07
1.43917e-07
1.75179e-08
1.13287e-07
1.50634e-07
4.81715e-07
5.9032e-08
1.14061e-07
4.3785e-08
6.53235e-08
1.94421e-07
1.10615e-07
1.3358e-07
7.19558e-08
1.6903e-07
7.27669e-08
2.31923e-07
5.18722e-08
9.10062e-08
1.03358e-07
1.28458e-07
1.99777e-07
1.41343e-07
1.20394e-07
1.40926e-07
2.83781e-07
3.61122e-07
7.82508e-08
-1.74816e-08
-1.74806e-08
1.97896e-07
1.7555e-07
2.79468e-07
1.87697e-08
8.85421e-08
1.78019e-07
3.25638e-07
1.57745e-07
1.99943e-07
2.31641e-08
2.1294e-07
1.16729e-07
1.02401e-08
1.7213e-07
2.48125e-07
8.7807e-08
1.73424e-07
2.17893e-07
9.66098e-08
2.43336e-07
8.73663e-08
7.30701e-08
1.5594e-07
2.78763e-07
2.48837e-07
2.40366e-07
2.50322e-07
1.27885e-07
1.70195e-07
2.01825e-07
2.06795e-07
2.00796e-07
2.29587e-07
1.32013e-07
-3.70445e-08
3.97824e-07
2.3424e-07
1.40071e-07
3.88203e-07
2.59227e-07
1.31451e-07
1.93661e-07
-6.07273e-09
2.31791e-07
1.00471e-07
2.49433e-07
1.34788e-07
7.03058e-08
6.56249e-08
1.06826e-07
4.19243e-07
1.77638e-07
1.31244e-07
-2.4751e-09
2.23806e-07
6.02547e-08
1.19509e-07
1.13722e-07
9.13691e-08
-6.53654e-08
1.31299e-07
1.19593e-07
4.48975e-08
1.85613e-07
9.67401e-08
2.01576e-07
1.15136e-07
7.66249e-08
8.9465e-08
2.18289e-07
1.60441e-07
5.51451e-08
3.3736e-08
2.11169e-07
1.13208e-07
3.57061e-08
2.11463e-07
3.43246e-07
2.89397e-07
2.31246e-07
2.60312e-07
1.3889e-07
1.49829e-07
4.93736e-08
2.77613e-07
1.00104e-07
2.80821e-07
1.51902e-07
1.31312e-07
3.18299e-07
9.89947e-10
1.54652e-07
1.85477e-07
1.70453e-07
3.35361e-07
3.78974e-07
2.80213e-07
2.10613e-07
3.90208e-08
3.49003e-07
3.36565e-07
6.00154e-08
-4.79758e-08
1.80248e-07
2.54587e-07
1.59202e-07
5.38914e-08
6.9169e-08
1.91622e-08
2.87384e-07
2.73903e-07
1.206e-07
2.02511e-07
1.22992e-07
1.82537e-07
-3.03212e-08
1.12327e-08
8.65401e-08
6.49341e-08
2.33547e-07
-1.67772e-08
3.7171e-07
5.55647e-08
1.16829e-07
4.47084e-07
1.2459e-07
3.11501e-07
2.5003e-07
4.26012e-07
1.89757e-07
2.98146e-07
8.85315e-08
8.89094e-08
1.61573e-07
2.49206e-07
2.41336e-07
-6.57743e-08
3.49768e-08
-5.39932e-09
1.93189e-07
1.32733e-07
-2.40912e-08
3.08453e-07
1.31878e-07
2.39386e-07
1.27295e-07
9.8193e-08
2.41617e-07
1.85696e-07
3.01041e-07
2.42016e-07
2.07481e-07
1.048e-07
2.31141e-07
1.05417e-07
2.64943e-07
1.38047e-07
2.63954e-07
5.77868e-08
1.84864e-07
2.06218e-07
1.10655e-07
2.09106e-07
-1.03604e-07
-1.01256e-07
2.03017e-07
1.91737e-07
-4.63404e-08
8.29717e-07
2.43465e-07
9.80478e-08
2.68524e-07
1.86261e-07
4.52768e-07
6.09589e-08
1.13751e-07
3.11382e-07
6.98155e-07
2.59265e-07
2.95017e-07
2.61413e-07
-7.85189e-09
1.68307e-07
8.15185e-08
2.20967e-07
2.40814e-08
1.18987e-07
2.14263e-07
2.782e-07
-1.56851e-08
3.42628e-08
2.94859e-07
1.34536e-07
-5.43097e-09
1.60387e-07
1.84333e-07
1.9015e-07
1.90189e-07
2.61645e-07
2.65594e-07
2.91896e-07
4.87e-08
2.36935e-07
2.03262e-07
-6.01744e-08
1.18858e-07
1.67218e-07
3.02268e-07
5.26848e-08
1.71296e-07
2.68421e-07
1.58325e-07
2.40678e-07
2.17308e-07
1.57294e-07
-8.87948e-08
2.23285e-07
1.64571e-07
1.9361e-07
4.17884e-07
4.23779e-07
1.07108e-08
8.67444e-08
1.64209e-07
2.47889e-08
1.70353e-07
2.74905e-07
2.12365e-07
1.40023e-07
1.83409e-07
2.33717e-07
-2.45221e-08
1.28006e-07
4.50131e-08
2.89879e-07
4.09408e-08
-7.8777e-09
-1.14167e-07
1.17657e-07
2.44648e-07
1.84616e-07
1.54725e-07
1.48714e-07
8.81192e-08
2.71284e-07
-7.36048e-08
2.36284e-07
4.9432e-08
1.7746e-07
3.57304e-07
6.90771e-08
1.77186e-07
3.07156e-07
4.57902e-08
-3.12255e-08
1.42383e-07
3.27273e-07
2.24465e-07
1.26823e-07
4.53887e-08
5.61595e-07
5.41903e-07
2.73404e-07
9.03334e-08
2.25011e-07
1.28203e-07
1.64006e-08
1.91711e-07
-3.90853e-08
7.34006e-08
-5.71153e-08
