4.25511e-07
3.49978e-07
4.42096e-07
2.12912e-07
2.35906e-07
2.0139e-07
3.63189e-07
5.93825e-07
1.41851e-07
1.96391e-07
3.57738e-07
2.15925e-07
6.22522e-07
-8.04638e-09
3.36892e-07
2.85879e-07
1.63694e-07
4.67072e-07
3.40384e-07
2.50144e-07
-3.7834e-08
4.66121e-07
-9.49903e-08
5.96118e-07
9.26128e-08
3.62973e-07
1.96207e-07
5.63081e-07
4.95609e-07
3.31684e-07
3.12167e-07
2.99369e-07
1.18043e-07
7.16054e-07
2.49675e-07
1.43391e-07
5.55746e-07
8.98468e-08
3.98507e-07
3.03361e-07
4.36927e-07
2.42769e-07
3.96438e-07
3.97541e-07
2.86535e-07
5.19084e-07
2.25388e-07
2.14639e-07
2.26723e-07
3.61997e-07
6.25924e-07
3.83079e-07
3.33593e-07
5.55658e-07
4.50399e-07
2.6322e-07
2.21772e-07
3.60119e-07
5.7418e-07
3.64535e-07
2.83427e-07
3.57118e-07
4.67122e-07
3.4541e-07
3.47974e-07
3.20869e-07
1.52975e-07
2.31444e-07
2.31046e-07
3.83005e-07
5.10571e-07
5.65945e-07
6.99481e-07
3.31162e-07
3.53231e-07
4.64968e-07
3.10327e-07
2.23757e-07
1.78466e-07
3.95883e-07
4.35015e-07
5.4906e-07
3.11336e-07
3.18307e-07
4.06674e-07
4.12531e-07
3.48018e-07
4.50217e-07
2.39383e-07
2.57036e-07
2.8018e-07
3.55101e-07
4.98666e-07
4.85131e-07
6.60653e-07
6.95952e-08
2.71922e-07
3.25844e-07
1.62149e-07
5.04929e-07
4.15046e-07
2.59868e-07
5.52645e-07
5.13909e-07
3.02988e-07
8.49451e-08
6.15015e-07
2.13368e-07
3.3139e-07
5.38216e-07
2.64265e-07
5.47231e-07
2.40083e-07
-6.05051e-08
3.10435e-07
2.36511e-07
2.53995e-07
5.22386e-07
1.69561e-07
9.27451e-08
1.87605e-07
1.86906e-07
3.65644e-07
3.9965e-07
3.15083e-07
4.87181e-07
4.77286e-07
5.60555e-07
1.53425e-07
2.7393e-07
4.19666e-07
2.14898e-07
2.2167e-07
4.91681e-07
1.9366e-07
3.46811e-07
4.50614e-07
5.34347e-07
7.86557e-08
3.30779e-07
5.40123e-07
3.17738e-07
5.14564e-07
5.04233e-07
6.00878e-07
1.16938e-07
4.0756e-07
5.78617e-07
3.19887e-07
1.85656e-07
1.76236e-07
3.19779e-07
4.51848e-07
3.4285e-07
1.42618e-07
8.31233e-07
4.93034e-07
1.8089e-07
1.28653e-07
4.85995e-07
2.20186e-07
3.21562e-07
4.22928e-07
-6.59761e-09
5.88785e-07
5.17697e-07
-4.55585e-08
4.2154e-08
4.44519e-07
3.02933e-07
3.95854e-07
3.54963e-07
7.96773e-08
3.17668e-07
3.24678e-07
4.33075e-07
3.39812e-07
5.08096e-07
3.2497e-07
3.44442e-07
1.43069e-07
5.7392e-07
3.25977e-07
9.9918e-08
2.52202e-07
4.713e-07
3.18616e-07
4.06016e-07
1.25788e-07
2.03613e-07
5.32438e-07
4.59698e-07
1.80022e-07
1.64441e-07
1.58981e-07
2.60432e-07
2.3163e-07
2.11242e-07
2.96216e-07
5.28435e-07
3.31155e-07
5.87817e-07
4.37251e-07
3.24289e-07
2.22484e-07
3.20683e-07
3.71273e-07
2.76251e-07
6.17151e-07
5.03901e-07
2.2971e-07
2.86534e-07
2.33495e-07
2.37606e-07
3.17436e-07
5.50556e-07
2.78559e-07
3.26706e-07
1.85995e-07
4.34583e-07
3.41605e-07
2.88705e-07
3.33435e-07
1.30379e-07
5.57862e-07
3.51857e-07
3.28911e-07
1.13629e-07
4.05366e-07
2.47706e-07
3.40903e-07
3.72069e-07
1.23783e-07
2.25259e-07
1.71727e-07
4.65778e-07
1.52632e-07
4.82122e-07
2.41898e-07
4.56683e-07
2.4254e-07
3.74622e-07
1.56818e-07
1.34628e-07
2.44359e-07
4.50686e-07
2.92454e-07
2.60335e-07
2.51895e-07
6.94313e-07
5.22117e-07
4.32797e-07
3.32085e-08
4.17776e-07
3.50985e-07
1.36442e-07
2.70183e-07
3.88491e-07
3.49814e-07
3.64221e-07
4.64731e-07
1.20672e-07
2.0895e-07
5.31889e-07
4.50673e-07
3.3343e-07
4.61468e-07
1.94232e-07
8.21913e-08
4.07026e-07
5.73542e-07
8.21149e-08
6.61337e-07
2.62937e-07
5.82861e-07
4.09819e-07
3.28778e-07
1.73641e-07
3.2321e-07
2.05587e-07
8.13473e-07
3.6863e-07
4.09481e-07
6.32524e-08
3.57129e-07
3.15006e-07
-4.03457e-08
3.0108e-07
2.45282e-07
3.03249e-07
4.24478e-07
2.96212e-07
4.29282e-07
4.45904e-07
2.50104e-07
3.36655e-07
1.74468e-07
2.23886e-07
9.79719e-08
1.9456e-07
4.01289e-07
7.57072e-07
2.32439e-07
4.55376e-07
5.03212e-07
4.29445e-07
1.92667e-07
1.13781e-07
2.27278e-07
1.36658e-07
4.16271e-07
2.31918e-07
1.2677e-07
3.63695e-07
1.73084e-07
4.24736e-07
4.21853e-07
1.57373e-07
4.34239e-07
1.65863e-07
2.72639e-07
3.90453e-07
-6.08847e-08
3.07868e-07
4.72585e-07
4.60143e-07
3.84828e-07
1.67531e-07
2.36842e-07
3.68955e-07
4.68515e-07
3.85206e-07
3.88975e-07
6.47885e-07
2.8628e-07
1.99285e-07
3.07912e-07
1.77358e-07
1.72644e-07
1.8278e-07
2.81288e-07
4.41077e-07
1.83089e-07
3.82743e-07
2.58407e-07
6.7946e-07
5.44591e-07
3.28001e-07
1.60698e-07
3.23776e-07
3.58663e-07
1.4552e-07
3.87728e-07
1.45153e-07
4.54469e-07
3.55802e-07
3.16496e-07
3.87727e-07
9.85144e-08
4.4621e-07
4.01666e-07
4.60177e-07
2.58412e-07
4.06504e-07
3.5802e-07
4.8726e-07
4.93784e-08
2.91296e-07
3.82656e-07
4.66722e-07
6.19424e-07
4.41536e-07
3.16018e-07
2.36012e-07
4.00021e-07
4.09228e-07
7.16699e-08
2.84101e-07
4.27327e-07
2.70641e-07
5.19986e-07
3.94949e-07
4.68558e-07
2.97914e-07
1.47583e-07
2.39054e-07
2.62178e-07
-2.55357e-07
6.17004e-07
4.36392e-07
4.55835e-07
8.23914e-08
5.56417e-07
3.43845e-07
4.67633e-07
5.07553e-07
3.77973e-07
4.69345e-07
2.59615e-07
6.85106e-07
3.94431e-07
4.5282e-07
3.29092e-07
4.19847e-07
4.0072e-07
3.99944e-07
3.03397e-07
3.59517e-07
4.81824e-07
1.63954e-07
3.40859e-07
1.08725e-07
2.16123e-07
2.10585e-07
3.7753e-07
3.1948e-07
3.89954e-07
2.20344e-07
3.08024e-07
4.46372e-07
5.57805e-07
7.77544e-08
2.18996e-07
2.00754e-07
3.8074e-07
1.50378e-07
3.57638e-07
4.01275e-07
4.34863e-07
2.69846e-07
5.78216e-07
5.03251e-07
4.30401e-07
2.00377e-07
6.87768e-07
5.70093e-07
3.2147e-07
3.51231e-07
3.48346e-07
1.29815e-07
4.74116e-07
3.21162e-07
3.9786e-07
3.20657e-07
3.40811e-07
1.21416e-07
5.19795e-07
2.69692e-07
3.28319e-07
4.95085e-07
7.6961e-08
2.0107e-07
4.94217e-07
3.77109e-07
3.0575e-07
2.92322e-07
1.46135e-07
4.33624e-07
1.00724e-07
2.25862e-07
3.13695e-07
3.4404e-07
1.59243e-07
2.32714e-07
3.80165e-07
3.44846e-08
1.95728e-07
1.00445e-07
3.77344e-07
1.94351e-07
3.84358e-07
1.27252e-07
2.96456e-07
1.59702e-07
2.44997e-07
3.06983e-07
4.23375e-07
3.87721e-07
4.39956e-07
5.5486e-07
5.96208e-08
6.13657e-07
4.6078e-07
3.16252e-07
5.12476e-07
1.03003e-07
4.56776e-07
3.13505e-07
2.55279e-07
1.67725e-07
8.75381e-08
-1.89995e-07
4.58406e-07
4.329e-07
4.80444e-07
3.45559e-07
3.15994e-07
5.1328e-07
3.01447e-07
3.40446e-07
1.04507e-07
2.97081e-07
3.01753e-07
2.66946e-07
4.90799e-07
3.58042e-07
3.63726e-07
1.60472e-07
4.6719e-07
4.12434e-07
4.60794e-07
2.91566e-07
5.22573e-07
4.15665e-07
3.51528e-07
4.39084e-07
5.53332e-07
3.36435e-07
4.14466e-07
3.98707e-07
4.08865e-07
4.51581e-07
3.5879e-07
4.42048e-07
5.41139e-07
4.53046e-07
1.44548e-07
1.91091e-07
2.62808e-07
4.106e-07
4.29352e-07
5.27177e-07
6.26586e-07
2.04752e-07
4.43223e-07
1.83305e-07
4.33829e-07
2.99647e-07
3.65265e-07
8.24844e-08
3.79797e-07
3.75919e-07
3.24992e-07
6.55846e-08
2.33794e-07
2.37936e-07
4.16883e-07
3.7921e-07
3.03158e-07
2.49147e-07
5.08655e-07
9.87964e-08
4.65397e-07
3.66612e-07
1.23079e-07
1.13386e-07
3.41856e-07
3.06397e-07
6.39497e-07
5.95578e-07
1.92315e-07
1.60415e-07
3.55203e-07
4.08711e-07
2.54001e-07
4.03371e-07
4.67104e-07
6.07536e-07
5.88713e-07
1.85076e-07
1.29559e-07
5.09633e-07
3.7841e-07
1.5047e-07
2.90263e-07
9.93105e-08
1.37643e-07
3.33039e-07
1.35642e-07
5.45593e-07
3.72265e-07
3.2913e-07
4.24463e-07
4.04165e-07
3.04893e-07
4.56083e-07
1.9499e-07
2.51051e-07
4.35139e-07
3.49718e-07
1.1449e-07
2.0289e-07
3.41551e-07
3.09229e-07
1.55256e-07
1.60143e-07
2.5209e-07
1.25584e-07
2.25179e-07
2.03464e-07
2.89009e-07
3.92131e-07
-1.32159e-07
4.73417e-07
2.09468e-07
4.44129e-07
3.8022e-07
3.36504e-07
3.36548e-07
3.14086e-07
6.39933e-07
4.21278e-07
6.66507e-07
6.32524e-07
4.93191e-07
2.46582e-07
4.28523e-07
6.82696e-08
2.59176e-07
1.85546e-07
5.39359e-07
6.27309e-08
1.12489e-07
2.17749e-07
1.90978e-07
4.13051e-07
4.86377e-07
4.04585e-07
4.08274e-07
2.95809e-07
3.21358e-07
2.39559e-07
4.03164e-07
4.59094e-07
2.7162e-07
-1.76173e-08
4.39186e-07
3.04504e-07
5.1185e-07
2.18478e-07
3.23617e-07
2.32163e-07
3.07837e-07
7.30062e-07
3.38996e-08
3.65618e-07
4.42753e-08
5.1135e-07
2.93898e-07
1.84176e-07
1.67253e-07
3.92047e-07
3.36053e-07
3.95993e-07
-8.79091e-08
3.9326e-07
5.57655e-07
3.08879e-07
4.86198e-07
1.30675e-07
2.74092e-07
2.14224e-07
3.76209e-07
2.0527e-07
5.16193e-07
3.03579e-07
3.94641e-07
4.85802e-07
4.91776e-07
2.05417e-07
1.1488e-07
2.59998e-07
7.61085e-07
5.21974e-07
2.85887e-07
-2.58592e-09
4.09469e-07
2.83132e-07
-5.30205e-09
6.09888e-07
4.11571e-07
5.72901e-07
4.07136e-07
1.4898e-07
1.9993e-07
2.94765e-07
2.30118e-07
4.37822e-07
1.79723e-07
3.81362e-07
5.8385e-07
4.17612e-07
4.98358e-07
5.52847e-07
6.35899e-07
2.64016e-07
1.47479e-07
4.59473e-07
3.26757e-07
3.18298e-07
2.96923e-07
4.45958e-07
5.1788e-07
4.21622e-07
3.85167e-07
4.00616e-07
3.89532e-07
-4.16771e-09
3.14975e-07
1.34663e-07
1.64625e-07
4.32736e-07
4.08899e-07
2.6073e-07
7.17848e-07
4.63711e-07
5.18287e-07
3.93721e-07
2.948e-07
5.96764e-07
2.32743e-07
3.40479e-07
4.45294e-07
6.80102e-07
3.5606e-07
4.34713e-07
1.53688e-07
3.33013e-07
3.62899e-07
3.93505e-07
4.64927e-07
4.37248e-07
3.79798e-07
1.671e-07
2.37553e-07
2.72913e-07
4.45847e-07
1.43086e-07
1.66744e-07
3.20172e-07
5.11366e-07
3.72528e-07
5.24594e-07
9.11815e-08
2.47847e-07
5.60712e-07
2.38953e-07
6.91862e-07
4.05725e-07
3.23771e-07
3.08168e-07
5.2404e-07
4.37946e-07
6.26118e-07
4.61911e-07
4.18386e-07
3.30286e-07
2.51135e-07
3.12636e-07
4.19495e-07
4.22475e-07
2.30044e-07
2.14545e-07
2.36849e-08
3.45705e-07
3.49264e-07
1.7523e-08
2.54106e-07
3.55884e-07
-7.06363e-08
1.28065e-07
1.02615e-06
2.09859e-07
7.25223e-08
3.62721e-07
2.66176e-07
1.74343e-07
4.23391e-07
-4.43494e-08
3.02874e-07
3.36157e-07
3.52759e-07
5.07871e-07
3.93324e-08
7.2923e-08
9.61811e-08
4.9318e-07
4.37609e-07
5.19802e-07
2.59053e-07
4.20345e-07
6.15527e-07
1.73439e-07
3.78297e-07
2.26886e-07
3.62727e-07
2.53153e-07
1.99718e-07
4.34158e-07
2.68743e-07
-8.70793e-08
2.76851e-07
1.48235e-07
8.13352e-08
4.88222e-07
7.24284e-07
2.50942e-07
3.18338e-07
5.0091e-07
2.11761e-07
4.25898e-07
6.38225e-07
4.08324e-07
2.7011e-07
3.71446e-07
2.07066e-07
2.90061e-07
3.36385e-07
3.78794e-07
3.77509e-07
2.78311e-07
2.10398e-07
4.07883e-07
3.18513e-07
3.34102e-07
6.16757e-07
4.84334e-07
4.71941e-07
3.09532e-07
2.68263e-07
2.05867e-07
1.39459e-07
3.91552e-07
3.30691e-07
8.67368e-07
5.13859e-07
2.34395e-07
3.61987e-07
3.74878e-07
3.43564e-07
4.39367e-07
1.73547e-07
6.40407e-08
4.29155e-07
5.72708e-08
4.12299e-07
4.73816e-07
5.89267e-07
4.017e-07
3.07939e-07
4.95129e-07
3.17163e-07
3.30071e-07
5.8992e-07
4.25857e-07
4.68619e-07
4.29949e-07
5.72553e-07
2.50594e-07
5.44065e-07
3.38967e-07
4.25478e-07
3.48717e-07
3.72244e-07
1.61758e-07
3.95373e-07
6.20329e-07
3.6131e-07
3.38422e-07
4.33761e-07
4.02771e-07
5.4691e-07
4.49027e-07
2.60798e-07
5.06932e-07
3.44886e-07
1.30866e-07
2.86406e-07
4.15886e-07
4.76219e-08
2.12542e-07
5.35795e-07
4.50181e-07
2.76043e-07
6.07528e-07
2.5045e-07
2.29718e-07
3.20362e-07
5.01679e-07
1.61799e-08
1.24461e-07
8.08368e-07
4.21692e-07
1.51182e-07
3.78147e-07
3.50438e-07
4.44118e-07
4.40402e-07
4.14241e-07
3.47147e-07
6.47554e-07
7.06122e-07
4.09925e-07
2.9422e-07
5.22205e-07
1.3584e-07
4.25707e-07
2.70584e-07
3.19658e-07
3.23054e-07
4.89176e-07
1.59003e-07
4.28854e-07
4.76855e-07
2.541e-07
2.17555e-07
3.58551e-07
3.05023e-07
3.32212e-07
5.63762e-07
5.04105e-07
3.43591e-07
5.85135e-07
4.04666e-07
4.53554e-07
2.46842e-07
6.42492e-07
5.01594e-07
4.36215e-07
1.09517e-07
3.67537e-07
2.2156e-07
2.10786e-07
2.31459e-07
1.46866e-07
3.8369e-07
2.14704e-07
4.3447e-07
3.10295e-07
1.94654e-07
2.66407e-07
1.84547e-07
4.3645e-07
3.49217e-07
2.66241e-07
5.90061e-07
5.21991e-07
3.06909e-07
5.51784e-07
2.53134e-07
3.24709e-07
1.44315e-08
5.07359e-07
2.3942e-07
1.68728e-07
1.56319e-07
5.67609e-07
5.09748e-07
4.91809e-07
4.60354e-07
2.56041e-07
1.5079e-07
3.50881e-07
2.49393e-07
-1.12028e-09
6.19107e-07
4.4664e-07
3.90977e-07
3.25472e-07
2.42799e-07
2.67825e-07
2.71862e-07
3.18596e-07
8.30263e-08
1.03101e-07
3.42274e-07
1.88083e-07
2.54079e-07
2.61426e-07
3.48344e-07
3.43857e-07
4.24593e-07
6.00216e-07
4.27393e-07
4.06654e-07
1.14224e-07
2.13204e-07
1.57516e-07
2.73533e-07
4.79768e-07
2.65419e-07
2.78452e-07
3.87715e-07
7.19857e-07
4.24206e-07
1.23363e-07
5.05906e-07
3.23811e-07
6.98971e-07
1.18655e-07
2.49309e-07
5.08246e-07
6.15574e-07
2.5531e-07
3.76924e-07
5.35243e-07
2.24284e-07
4.71169e-07
9.24575e-08
2.30918e-07
4.94819e-07
6.23786e-07
1.57069e-07
4.6065e-07
9.44602e-08
3.30587e-07
3.41563e-07
2.36864e-07
3.89587e-07
3.43923e-07
6.1772e-07
3.43578e-07
5.95064e-07
2.54261e-07
4.35682e-07
2.60144e-07
3.22954e-07
2.39565e-07
-6.76242e-08
3.72838e-07
1.95577e-07
6.77603e-07
2.57482e-07
2.01332e-07
5.05546e-07
3.84549e-07
3.55309e-07
4.26392e-07
3.47857e-07
3.94258e-07
5.06574e-07
5.70734e-07
2.70331e-07
4.64509e-07
-4.97435e-09
3.11246e-07
2.09869e-07
4.21537e-07
2.25002e-07
1.27123e-07
3.0658e-07
1.95208e-07
5.21054e-07
3.32408e-07
6.22549e-07
3.56546e-07
1.12765e-07
6.40359e-07
4.88252e-07
4.08856e-07
1.82627e-07
2.74082e-07
-3.1709e-08
4.48712e-07
1.88734e-07
2.31171e-07
1.71862e-07
4.2948e-07
3.19251e-07
1.52414e-07
4.96157e-07
3.38643e-07
1.37577e-07
1.24581e-07
1.25333e-07
2.64974e-07
7.763e-08
3.41093e-07
4.38831e-07
2.76692e-07
4.11196e-07
1.6676e-07
3.42971e-07
4.39559e-07
-3.7837e-10
2.50949e-07
7.23473e-08
6.19506e-07
5.51113e-07
3.74452e-07
4.38853e-07
3.08066e-07
6.27233e-07
2.39268e-07
2.97714e-07
3.26046e-07
4.52479e-07
5.01364e-07
2.2785e-07
9.92392e-09
4.7629e-07
2.68985e-07
4.39268e-07
4.00147e-07
4.52167e-07
4.48873e-07
4.56912e-07
2.39267e-07
5.204e-07
2.322e-07
6.10944e-07
3.15366e-07
1.16467e-07
1.99632e-08
3.26588e-07
3.82935e-07
2.83623e-07
3.22071e-07
4.19989e-07
3.44314e-07
3.07089e-07
3.10626e-07
3.29718e-07
4.58343e-07
4.58896e-07
3.5271e-07
1.71304e-07
4.18634e-07
5.16532e-07
3.52015e-07
1.63112e-07
1.53229e-07
1.9761e-07
5.51003e-08
5.59442e-07
3.62783e-07
3.99293e-07
5.11806e-07
4.09987e-07
3.88445e-07
-7.12213e-09
4.25355e-08
2.59443e-07
1.7334e-07
2.73067e-07
2.57146e-07
4.32015e-07
1.99708e-07
3.86688e-07
2.74744e-07
6.16174e-07
3.72792e-07
3.79077e-07
5.87376e-07
5.22213e-08
1.99393e-07
5.08259e-07
5.21279e-07
3.39907e-07
3.33094e-07
2.49362e-07
4.57211e-07
3.26414e-07
6.14057e-07
4.35697e-08
5.19633e-07
5.00147e-07
2.43045e-07
4.44785e-07
3.85826e-07
4.34038e-07
3.03565e-07
1.10144e-07
1.95149e-07
4.90031e-07
2.03076e-07
2.91825e-07
2.8673e-07
2.68339e-07
4.78685e-07
4.46091e-07
3.42782e-07
6.4868e-07
2.65886e-07
4.2886e-07
1.62919e-07
-1.06975e-07
3.55049e-07
1.6333e-07
2.48739e-07
2.88225e-07
3.8434e-07
3.87872e-07
2.58833e-07
4.62841e-07
3.45822e-07
3.8672e-07
1.87961e-07
2.91609e-07
3.39908e-07
2.94359e-07
-8.93152e-08
6.64257e-07
1.02906e-07
3.4649e-07
5.30566e-07
3.16603e-07
4.37227e-07
1.35596e-07
3.20203e-07
1.37185e-07
4.25058e-07
1.49156e-07
5.28978e-07
4.02296e-07
4.35487e-07
4.60638e-08
4.4984e-07
1.91849e-07
3.40306e-07
8.86004e-09
1.47762e-07
4.10566e-07
2.12782e-07
3.35832e-07
5.70179e-07
3.75471e-07
6.139e-07
3.32933e-07
3.51573e-07
3.05996e-07
3.27113e-07
1.84957e-07
4.75378e-07
3.09043e-07
1.38255e-07
1.46306e-07
4.86289e-07
4.33848e-07
4.4737e-07
4.1115e-07
3.03719e-07
4.34421e-07
5.08258e-07
3.5973e-07
4.22091e-07
2.9865e-07
3.68238e-07
3.42675e-07
3.68448e-07
3.06964e-07
6.55703e-07
2.77657e-07
3.64627e-07
3.18934e-07
2.3642e-07
3.90577e-07
2.41072e-07
2.43959e-07
3.43519e-07
3.49845e-07
6.28336e-07
5.10289e-07
1.37594e-07
4.75899e-07
3.04663e-07
3.09041e-07
5.69643e-07
2.55012e-07
3.39282e-07
4.55408e-07
2.75805e-07
3.3422e-07
7.1647e-07
6.50445e-07
3.37655e-07
5.3007e-07
2.92608e-07
4.18098e-07
5.09596e-07
3.89882e-07
2.59217e-07
8.34975e-08
7.62843e-08
2.77201e-07
5.30132e-07
4.76844e-07
6.85751e-07
5.813e-08
3.85464e-07
3.17518e-07
6.73718e-07
4.10933e-07
4.34235e-07
3.18031e-07
5.48396e-07
3.71079e-07
4.65361e-07
2.07453e-07
1.02183e-07
4.29721e-07
3.06295e-07
5.64787e-07
6.83116e-07
3.84545e-08
8.517e-08
2.49871e-07
4.95634e-07
2.93184e-07
2.95046e-07
4.18663e-07
1.78993e-07
5.83048e-07
2.32024e-07
4.64981e-08
5.12449e-07
5.53701e-07
4.71692e-07
2.9217e-07
4.31419e-07
3.32468e-07
3.82285e-07
3.84956e-07
3.03233e-07
3.60566e-07
3.37695e-07
1.02341e-07
1.42606e-07
3.07138e-07
2.98436e-07
2.64379e-07
3.94826e-07
3.10393e-07
2.22394e-07
1.86661e-07
2.69477e-07
1.62449e-07
2.45794e-07
5.93227e-07
4.89409e-07
3.45416e-07
3.87344e-07
4.94476e-07
2.49961e-07
4.63015e-07
3.92445e-07
1.23098e-07
6.26909e-07
6.72455e-07
4.52746e-07
4.8347e-07
7.33889e-08
3.86678e-07
4.69058e-07
6.43718e-07
4.89836e-07
4.94625e-07
3.89999e-07
1.87685e-07
3.22095e-07
2.80484e-07
2.65361e-07
3.78186e-07
2.86121e-07
5.36054e-07
3.0318e-07
3.26346e-07
1.82942e-07
3.42446e-07
4.89485e-07
2.85508e-07
1.28406e-07
6.80611e-08
4.79599e-07
1.87501e-07
2.64783e-07
2.8032e-07
5.02511e-07
1.38725e-07
7.04959e-07
-1.23123e-08
2.89781e-07
2.77754e-07
2.38475e-07
5.10859e-07
4.18843e-07
6.28591e-07
2.10398e-07
1.90569e-07
5.84153e-07
3.11161e-07
5.06428e-07
4.82252e-07
1.50663e-07
6.40786e-07
4.03771e-07
3.24412e-07
3.00886e-07
7.46594e-08
3.52324e-07
4.46363e-07
1.88306e-07
5.04741e-07
3.33821e-07
4.8374e-07
4.91183e-07
2.37948e-07
4.59144e-07
2.0859e-07
2.35773e-07
3.10495e-07
4.39355e-07
3.17621e-07
5.28423e-07
3.05856e-07
4.27319e-07
3.73061e-07
3.65722e-07
1.19755e-07
7.7511e-09
7.1884e-08
1.26385e-07
4.20703e-07
6.51037e-07
2.42695e-07
5.03865e-07
2.8295e-07
3.17261e-07
-2.08388e-08
4.09149e-07
5.05836e-08
2.4855e-07
1.91122e-07
4.30107e-07
2.50238e-07
3.32715e-07
1.38161e-07
6.71052e-07
3.58331e-07
5.88336e-07
5.51957e-07
3.52858e-07
2.07752e-07
3.99226e-07
2.35138e-07
3.01284e-07
2.74376e-07
2.06431e-07
4.49278e-07
2.71723e-07
1.70281e-07
3.0661e-07
4.62098e-07
2.43755e-07
4.76731e-07
2.78024e-07
2.24307e-07
3.97366e-07
5.22411e-07
3.39907e-07
5.69804e-07
4.34367e-07
1.99233e-07
4.17034e-07
1.83483e-07
3.73177e-07
4.59561e-07
2.12399e-07
3.07862e-07
5.2756e-07
3.6705e-07
1.80973e-07
4.4526e-07
-4.38206e-08
3.34111e-07
1.68179e-07
3.2071e-07
6.04955e-07
3.946e-07
1.36368e-07
4.6712e-07
2.34941e-07
2.37599e-07
4.14669e-07
5.81777e-07
2.34942e-07
4.17016e-07
5.45393e-07
1.65578e-07
1.65464e-07
1.62906e-07
3.38076e-07
4.29349e-07
2.1463e-07
5.2784e-07
3.31816e-07
2.87149e-07
1.73413e-07
2.17433e-07
2.62103e-07
3.24926e-07
3.0544e-07
2.61824e-07
2.38557e-07
1.53242e-07
3.30219e-07
5.50614e-07
9.8994e-08
4.86033e-07
1.87402e-07
8.03257e-08
3.1683e-07
2.00831e-07
2.11258e-07
5.19177e-07
3.9685e-07
2.22909e-08
5.52388e-07
4.4855e-07
6.28191e-08
8.62719e-07
3.59876e-07
2.86997e-07
2.57839e-07
6.49516e-07
1.846e-07
1.24277e-07
2.78053e-07
3.17466e-07
4.01384e-07
4.02112e-07
2.36235e-07
1.63726e-07
1.67884e-07
2.67711e-07
2.78941e-07
5.5511e-07
3.54877e-07
2.17322e-07
1.14878e-07
4.33206e-07
3.15e-07
6.30779e-07
4.75023e-07
3.22699e-07
3.98806e-07
9.60755e-08
5.32097e-07
3.21167e-07
5.8064e-07
6.76572e-07
4.53822e-07
3.47642e-07
3.96327e-07
5.79791e-07
5.27198e-08
3.1776e-07
4.40621e-07
3.76946e-07
5.10023e-07
1.68326e-07
4.27278e-07
5.63114e-07
1.41112e-07
2.91097e-07
3.73638e-07
4.56818e-07
4.45416e-07
5.10461e-08
1.8935e-07
4.39809e-07
5.15725e-07
2.80974e-07
3.06672e-07
5.7006e-07
1.51514e-07
4.40929e-07
2.18476e-07
3.13229e-07
3.61906e-07
9.23833e-08
2.2613e-07
1.95166e-07
7.30657e-08
4.88329e-07
3.05706e-07
6.07246e-08
2.33646e-07
2.6572e-07
3.76873e-07
2.02394e-07
5.98025e-07
4.69243e-07
6.14428e-07
2.70718e-07
4.8894e-07
3.49668e-07
4.92144e-07
3.21161e-07
5.21073e-07
2.70485e-07
3.50614e-07
4.57532e-07
5.81918e-07
3.64099e-07
3.96066e-07
5.96457e-07
2.06321e-07
3.76814e-07
3.05813e-07
4.8373e-07
5.03226e-07
3.44376e-07
3.2686e-07
2.1063e-07
5.79961e-07
5.84432e-07
3.48075e-07
3.05559e-07
3.81647e-07
2.05623e-07
-1.26314e-07
2.7106e-07
6.23096e-07
5.41196e-07
3.99637e-07
4.39161e-07
3.9715e-07
5.10433e-07
5.7066e-07
2.02833e-07
2.35889e-07
4.76507e-08
7.77979e-07
2.21865e-07
1.57448e-07
2.36672e-07
4.67273e-07
3.63798e-07
7.39589e-09
3.66037e-07
2.20516e-07
5.7479e-07
1.43227e-07
3.38457e-07
4.28356e-07
1.3006e-07
3.43613e-07
3.70755e-07
4.79222e-07
4.59959e-07
3.77824e-07
-4.23812e-09
2.35129e-07
3.7828e-07
2.97393e-07
3.20837e-07
2.5648e-07
2.68398e-07
1.98815e-07
5.23595e-07
2.2726e-07
2.02293e-07
3.87737e-07
5.40126e-07
9.55671e-08
4.74652e-07
4.47916e-07
3.61391e-07
4.75389e-07
5.49605e-07
3.9841e-08
3.71989e-07
4.91465e-07
2.83572e-07
3.07958e-07
2.23594e-07
6.4195e-07
2.08166e-07
3.19069e-07
2.97123e-07
2.25356e-07
3.78127e-07
6.44446e-07
2.90874e-07
2.9848e-08
3.94946e-07
1.92385e-07
2.28894e-07
4.19139e-07
3.92128e-07
4.49369e-07
3.74965e-07
3.57745e-07
2.34536e-07
2.81813e-07
3.78448e-07
1.84553e-07
4.32912e-07
3.82619e-07
6.09314e-07
3.4546e-07
3.20176e-07
3.33406e-07
6.71761e-07
5.29852e-07
1.3986e-07
5.49418e-07
5.37175e-07
2.54239e-07
3.53873e-07
1.44957e-07
5.54688e-08
3.03358e-07
1.75178e-07
3.05982e-07
4.38824e-07
2.05694e-07
2.57995e-07
1.97688e-07
1.95737e-08
2.82873e-07
1.78763e-07
4.29797e-07
-6.65431e-08
3.35899e-07
3.57423e-07
2.93033e-07
4.34415e-07
7.0544e-07
4.84135e-07
2.02477e-07
3.12815e-07
6.72727e-07
3.58774e-07
5.48947e-07
1.06072e-07
6.37656e-07
1.6842e-07
4.33587e-07
2.20117e-07
2.29616e-07
2.96136e-07
6.69883e-07
5.6898e-07
3.90459e-07
3.88442e-07
5.68514e-07
1.7398e-07
5.99371e-07
2.53877e-07
2.64178e-07
2.58263e-07
4.50264e-07
3.64258e-07
4.21644e-07
4.41278e-07
3.58104e-07
2.25708e-07
1.74631e-07
1.64133e-07
2.85274e-07
3.88214e-07
3.50646e-07
4.16451e-07
3.20021e-07
1.26774e-08
2.26713e-07
1.11658e-07
5.277e-07
2.41808e-07
5.24749e-07
3.11114e-07
4.95331e-07
5.9475e-07
3.29644e-07
3.81916e-07
3.47324e-07
3.59869e-07
5.26691e-07
1.17246e-07
3.26815e-07
1.01176e-07
4.98458e-07
2.41305e-07
2.93634e-07
2.043e-07
3.60405e-07
4.22371e-07
3.0391e-07
5.42715e-07
6.20431e-07
3.4375e-07
5.48693e-07
3.87865e-07
3.30769e-07
5.21991e-07
3.85569e-07
4.55447e-07
4.321e-07
3.70333e-07
3.07269e-07
3.18043e-07
6.31725e-07
2.07576e-07
1.64215e-07
4.1795e-07
4.37292e-07
4.44226e-07
4.2654e-07
2.94308e-07
1.99704e-07
4.56699e-07
2.63276e-07
3.9188e-07
2.82963e-07
6.11656e-07
2.86963e-07
6.11124e-07
1.14927e-07
4.10304e-07
3.00731e-07
2.61233e-07
3.42705e-07
4.97785e-07
6.63356e-08
5.72368e-07
1.87206e-07
3.48859e-07
2.97366e-07
4.03345e-07
2.57855e-07
4.42152e-07
3.32227e-07
4.53029e-07
3.01988e-07
5.68266e-07
4.93367e-07
7.79011e-07
3.14624e-07
2.39625e-07
2.22293e-07
4.39447e-07
7.22076e-07
3.8882e-07
2.25306e-07
4.1036e-07
3.25835e-07
4.07714e-07
6.48414e-07
4.37246e-07
4.82777e-07
4.57851e-07
4.68754e-07
3.80994e-07
2.98835e-07
3.42758e-07
3.37785e-07
5.32513e-07
6.97558e-07
2.86903e-07
7.74553e-07
5.69149e-07
2.81926e-07
3.86693e-07
5.29901e-07
3.87668e-07
4.50879e-07
3.04046e-07
3.22264e-07
1.51025e-07
1.4413e-07
4.65403e-07
3.666e-07
4.10413e-07
3.02319e-07
3.64058e-07
4.92044e-07
3.17327e-07
3.20558e-07
4.96408e-07
4.84903e-07
5.34291e-07
5.06563e-07
2.46105e-07
6.84445e-07
5.55139e-07
1.29364e-07
5.25946e-07
2.73349e-09
3.51041e-07
1.26281e-07
7.43453e-07
2.54413e-07
4.29144e-07
2.24718e-07
2.09617e-07
2.8909e-07
4.12053e-07
6.18343e-07
2.4618e-07
3.81072e-07
6.42523e-07
4.92513e-07
2.30081e-07
3.83246e-07
2.28354e-07
1.75243e-07
4.96175e-07
2.71709e-08
3.3888e-07
3.2964e-07
4.7566e-07
4.16315e-07
2.89815e-07
3.30798e-07
4.40888e-07
2.0318e-07
3.26263e-07
2.52382e-07
1.89495e-07
4.58824e-07
4.20186e-07
4.31881e-07
3.05041e-07
3.45149e-07
1.81469e-07
2.35828e-07
1.0453e-07
3.81864e-07
4.53522e-07
1.54347e-07
4.19677e-07
5.11466e-07
9.93136e-08
4.18304e-07
6.8707e-07
1.58295e-07
2.11233e-07
2.1184e-07
4.28898e-07
4.19996e-07
1.33415e-07
3.24314e-07
2.63305e-07
4.29061e-07
3.94931e-07
8.22578e-08
3.10571e-07
4.11083e-07
2.48339e-07
3.56499e-07
5.92609e-07
6.90695e-07
4.40668e-07
3.67114e-07
4.56439e-07
3.85611e-07
2.13509e-07
3.54577e-07
3.8645e-07
-7.43861e-08
4.0058e-07
4.07505e-07
6.37824e-07
2.05238e-07
2.9147e-07
3.97742e-07
4.17026e-07
5.72089e-07
3.39082e-07
7.36752e-08
6.33767e-07
2.81584e-07
7.8649e-07
4.47145e-07
4.85491e-07
3.70053e-07
3.85515e-07
3.75944e-07
2.12361e-07
3.09316e-07
3.53053e-07
5.31159e-07
6.04126e-07
3.44263e-07
6.30397e-07
3.09178e-07
2.23293e-07
2.48378e-07
2.03837e-07
4.34633e-07
4.51323e-07
5.37561e-07
3.92969e-07
5.19308e-07
2.16435e-07
3.363e-07
2.76448e-07
4.36632e-07
2.239e-07
2.33343e-07
6.11733e-07
3.46478e-07
5.10538e-07
3.9383e-07
3.55366e-07
1.72815e-07
4.39638e-07
4.61729e-07
3.59205e-07
3.95227e-07
1.72686e-07
3.41774e-07
1.51783e-07
2.22206e-07
4.28002e-07
3.37337e-07
1.90527e-07
5.13525e-07
5.34869e-07
4.93167e-07
3.08922e-07
3.09608e-07
5.15846e-07
3.01735e-07
5.13407e-07
5.77474e-07
4.38843e-07
2.59677e-07
5.05401e-07
6.02502e-08
1.80017e-07
4.42526e-07
4.04133e-07
2.49019e-07
3.4654e-07
3.87771e-07
7.52488e-07
1.27847e-07
7.47973e-07
4.72562e-07
4.05441e-07
5.48339e-07
4.37824e-07
3.27078e-07
3.55172e-07
4.7182e-07
5.5055e-07
4.27947e-07
3.73754e-07
4.23191e-07
2.51618e-07
5.02393e-07
2.69397e-07
4.13942e-07
4.88839e-07
5.93863e-07
5.41915e-07
3.98793e-07
3.42723e-07
1.22326e-07
1.28071e-07
4.37679e-07
6.388e-08
4.65842e-07
4.85908e-07
3.03942e-07
8.44372e-08
4.32671e-07
5.42099e-07
1.49307e-07
5.39822e-07
4.78943e-07
1.58956e-07
2.36735e-07
2.04552e-07
4.39825e-07
2.43489e-07
3.86184e-07
2.20699e-07
6.28762e-07
3.6354e-07
1.42838e-07
7.25952e-09
5.20669e-07
2.915e-07
4.48269e-07
3.65507e-07
1.51031e-07
3.45966e-07
3.88584e-07
5.25884e-07
6.0702e-07
2.70252e-07
3.31497e-07
4.10238e-07
3.99393e-07
2.54183e-07
2.91567e-07
4.77599e-07
5.26063e-07
4.65045e-07
5.23103e-07
-3.27508e-08
2.94645e-07
3.10135e-07
3.68237e-07
4.61563e-07
2.09948e-07
3.09946e-07
2.66652e-07
5.40815e-07
2.77782e-07
1.98933e-07
1.98822e-07
1.60654e-07
-3.01666e-08
3.95891e-07
5.95192e-07
1.94303e-07
4.32608e-07
3.61378e-07
2.31219e-07
2.08405e-07
3.86196e-07
5.93424e-07
3.6585e-07
5.0175e-07
1.45047e-07
4.98903e-07
3.42759e-07
4.23127e-07
1.67402e-08
1.94617e-07
4.6947e-07
2.49392e-07
2.91161e-07
3.97369e-07
2.97784e-07
4.1428e-07
5.44205e-07
2.10901e-07
2.28715e-07
5.17658e-07
2.79949e-07
3.27554e-07
3.19815e-07
5.35784e-07
2.43993e-07
3.83211e-07
4.03281e-07
1.74253e-07
3.18901e-07
2.97284e-07
3.71352e-07
3.72499e-07
5.61902e-07
2.35811e-07
6.12933e-07
3.95029e-07
1.63568e-07
5.139e-07
2.41777e-07
3.0821e-07
5.28546e-07
6.17572e-07
5.56036e-07
3.72205e-07
2.17696e-07
2.55571e-07
4.99909e-07
3.16994e-07
3.09218e-07
1.67359e-07
2.92381e-07
2.09023e-07
5.73766e-07
1.59998e-07
2.96069e-07
7.02399e-07
3.75503e-07
3.77745e-07
1.09669e-07
3.34314e-07
1.85195e-07
3.99181e-07
-4.17785e-08
2.59881e-07
4.94968e-07
3.10751e-07
1.02861e-07
1.52359e-07
2.59191e-07
3.92564e-07
5.72914e-07
1.79858e-07
3.20232e-07
9.61211e-08
1.6716e-07
5.20609e-07
2.22597e-07
6.389e-07
3.62887e-07
4.73541e-07
3.36832e-07
2.79366e-07
3.47352e-07
3.61592e-07
2.65991e-07
1.53198e-07
5.64228e-07
5.41615e-07
5.89093e-07
3.12341e-07
2.60949e-07
3.8886e-07
-1.26587e-08
2.2923e-07
3.69517e-07
3.11156e-07
5.09997e-07
6.70898e-07
4.63449e-07
3.6196e-07
1.54472e-07
2.41677e-07
7.30667e-08
2.52651e-07
4.5553e-07
4.43693e-07
4.01028e-07
4.22387e-07
3.08148e-07
3.46574e-07
2.25317e-07
2.84882e-07
2.55367e-07
4.00064e-07
3.88556e-07
2.47828e-07
2.9244e-07
1.75972e-07
3.58092e-07
4.18856e-07
2.45432e-07
1.20614e-07
4.99448e-07
4.22314e-07
4.58985e-07
4.24271e-07
2.76162e-07
3.68583e-07
3.93757e-07
1.50271e-08
3.8267e-07
2.07478e-07
2.83867e-07
4.59981e-07
3.31719e-07
1.25045e-07
1.83034e-07
3.58899e-07
4.11403e-07
4.96665e-07
2.0428e-07
2.03738e-07
-1.59909e-07
3.01328e-07
4.14479e-07
3.01096e-07
4.33653e-07
1.33414e-07
4.38009e-07
3.92358e-08
4.20728e-07
2.27523e-07
2.00657e-07
4.15993e-07
-3.29709e-08
4.63436e-07
4.18709e-07
1.50996e-07
3.78944e-07
3.4748e-07
4.96108e-07
4.49054e-07
4.04607e-07
1.21799e-07
4.88301e-07
1.72496e-07
2.68434e-07
3.84583e-07
3.26937e-07
4.61907e-07
4.68402e-07
2.31802e-07
5.14373e-07
2.96504e-07
3.49891e-07
2.91313e-07
3.88723e-08
1.40466e-07
3.54557e-07
3.82581e-07
4.92191e-07
5.10506e-07
4.28588e-07
4.1506e-07
2.6654e-07
1.85243e-07
9.51616e-08
1.10901e-07
2.58841e-07
4.13024e-07
2.89722e-07
3.04754e-07
2.21406e-07
3.90616e-07
2.11708e-07
2.90578e-07
2.33814e-07
2.84565e-07
3.87778e-07
3.68594e-07
2.10965e-07
4.764e-07
6.19866e-07
2.95781e-07
3.37675e-07
1.6569e-07
5.05577e-07
3.57739e-07
1.61442e-07
3.21455e-07
4.94254e-07
4.63968e-07
4.61334e-07
1.18954e-08
3.4669e-07
3.11856e-07
3.20422e-07
1.86909e-07
5.28124e-07
1.08841e-07
2.2854e-07
6.3229e-08
3.85672e-07
5.36884e-07
4.34946e-07
5.76893e-07
4.20755e-07
3.10992e-07
6.12882e-07
4.36952e-07
3.61395e-07
4.19719e-07
5.12677e-07
9.94967e-08
3.50113e-07
3.07667e-07
2.97415e-07
2.75905e-07
4.18424e-07
1.85967e-07
1.5949e-07
6.88429e-07
3.70177e-07
6.13976e-07
3.52755e-07
2.71665e-07
2.68627e-07
2.25517e-07
1.38219e-07
-3.27709e-08
4.96778e-07
2.62871e-07
3.78326e-07
3.51482e-07
4.4177e-07
2.80743e-07
2.40605e-07
5.12191e-07
4.00847e-07
1.98902e-07
4.89689e-07
4.36875e-07
3.34043e-07
7.21371e-07
3.02738e-07
5.30297e-07
2.60095e-07
3.51309e-07
2.91234e-07
3.70758e-07
3.03676e-07
5.71196e-08
1.82013e-07
3.67104e-07
2.27933e-07
4.32539e-07
4.91252e-07
3.69259e-07
2.91207e-07
5.2878e-07
3.89173e-07
4.24246e-07
3.23852e-07
1.8071e-07
8.1387e-08
3.08017e-08
2.76843e-07
4.9299e-07
5.92524e-07
3.36004e-07
2.29299e-07
2.07141e-07
5.36501e-07
2.47621e-07
1.83301e-07
2.64568e-07
2.26826e-07
2.46854e-07
2.68901e-07
3.99138e-07
2.66439e-07
1.0514e-07
5.27364e-07
4.43601e-07
4.08393e-07
3.49865e-07
6.58688e-07
5.3464e-07
1.54757e-07
2.73729e-08
1.86775e-07
1.37943e-07
4.06157e-07
8.63336e-08
4.0447e-07
4.90011e-08
3.37659e-07
3.25331e-07
1.66248e-07
3.20635e-07
4.12972e-07
6.3358e-07
3.33763e-07
3.29084e-07
4.98035e-07
3.14829e-07
1.04246e-07
5.05055e-07
2.74562e-07
2.11852e-07
4.39519e-07
4.79988e-07
1.42932e-07
3.30619e-07
5.10395e-07
2.81626e-07
1.13098e-08
1.43555e-07
5.54428e-07
3.30674e-07
4.05172e-07
7.79854e-08
4.51268e-07
4.80486e-07
3.44943e-07
2.34516e-07
8.02758e-08
3.19586e-07
3.91793e-07
4.14354e-07
4.71225e-07
2.58184e-07
3.70806e-07
1.63629e-07
2.60912e-07
4.62283e-07
2.48443e-07
1.10205e-07
3.79442e-07
4.34213e-07
3.35337e-07
5.03393e-07
2.47506e-07
2.6306e-07
4.29919e-07
4.37095e-07
6.56009e-07
3.75203e-07
4.75922e-07
4.49979e-07
2.75088e-07
3.28472e-07
4.2835e-08
3.37953e-07
3.70362e-07
4.76062e-07
3.96325e-07
2.65727e-07
5.65273e-08
2.39483e-07
3.2962e-07
5.16526e-07
3.05468e-07
2.06932e-07
6.13177e-07
3.36876e-07
4.6504e-07
2.62337e-07
4.90859e-07
2.26819e-07
4.10683e-07
3.44262e-07
3.42979e-07
3.20498e-07
1.33789e-07
2.78955e-07
3.66861e-07
2.57844e-07
3.31159e-07
5.59551e-07
2.33202e-07
4.75799e-07
3.55174e-07
2.46263e-07
4.55778e-07
1.80683e-07
2.96673e-07
7.73738e-08
2.76061e-07
3.69635e-07
3.74546e-07
1.85606e-07
2.2916e-07
1.49988e-07
7.48263e-08
-1.68402e-07
3.72276e-07
-1.11859e-08
2.67359e-07
2.35298e-07
3.81846e-07
1.49146e-07
2.85267e-07
5.53773e-07
3.21663e-07
5.4173e-07
3.32043e-07
-6.79028e-09
1.59159e-07
3.35811e-07
9.26344e-08
4.81866e-07
4.8272e-07
2.39995e-07
5.21768e-07
1.58941e-07
3.7945e-07
5.01705e-07
-5.59707e-08
1.50181e-07
1.37773e-07
3.36432e-08
4.16903e-07
7.39716e-07
4.05098e-07
3.31092e-07
5.17126e-07
3.86831e-07
3.62779e-07
4.45549e-07
4.12813e-07
4.47334e-07
3.95709e-07
5.16743e-07
5.60413e-07
2.52452e-07
2.90421e-07
3.12064e-07
3.44102e-07
2.30056e-07
-8.65939e-08
1.32142e-07
3.28864e-07
3.37418e-07
2.73881e-07
5.67832e-07
4.84391e-07
4.33708e-07
3.18692e-07
4.16507e-07
4.32191e-07
3.34233e-07
1.90805e-07
2.32763e-07
5.87403e-08
5.02966e-08
4.52405e-08
2.57311e-07
5.37069e-07
5.19038e-07
1.95325e-07
3.54843e-07
4.57885e-07
4.90285e-07
3.09161e-07
1.20706e-07
4.50431e-09
2.18469e-07
5.17961e-08
4.80511e-07
4.52428e-07
1.59179e-07
5.49401e-08
4.0722e-07
3.98571e-07
2.01901e-07
3.55604e-07
3.90395e-07
2.72945e-07
3.01072e-07
2.15352e-07
3.84072e-07
8.26635e-08
3.19787e-07
3.95926e-07
2.78997e-07
5.98484e-07
1.82763e-07
6.5868e-07
-9.81178e-09
2.94824e-07
1.66428e-07
3.28899e-07
4.27515e-07
2.70006e-07
5.7401e-07
4.83873e-07
5.30274e-07
6.90288e-07
3.99266e-07
4.76988e-07
1.77164e-07
2.64776e-07
2.50592e-07
3.63599e-07
6.32761e-08
5.80427e-07
3.69136e-07
2.27164e-07
3.37735e-07
6.11516e-08
2.44144e-07
3.46276e-07
4.50082e-07
4.15509e-07
4.39607e-07
3.45362e-07
3.59552e-07
5.06687e-07
1.95321e-07
4.53234e-07
3.27023e-07
4.04985e-07
2.2708e-07
1.16033e-07
4.35022e-07
4.68765e-07
3.88303e-07
5.25261e-07
5.0695e-07
1.97388e-07
1.17172e-07
6.4443e-07
6.15852e-07
4.28976e-07
1.63659e-07
4.59398e-07
4.6174e-07
3.77887e-07
2.92037e-07
1.17636e-07
2.64205e-07
3.36987e-07
3.88802e-07
2.34309e-07
2.85936e-07
3.49274e-07
3.26866e-07
4.33319e-07
1.97083e-07
2.10478e-07
5.82398e-07
3.44877e-07
5.28948e-08
3.45435e-07
1.6719e-07
2.72792e-07
2.09898e-07
6.51252e-08
1.28248e-07
3.75209e-07
2.68503e-07
1.37149e-07
4.7478e-07
2.47889e-07
1.53332e-08
3.92823e-07
5.24647e-07
7.9217e-08
-4.21076e-09
5.28103e-07
-9.1462e-08
2.04228e-07
5.45728e-07
2.25923e-07
6.41871e-07
3.47815e-07
3.96477e-07
5.07596e-07
1.73734e-07
2.64716e-07
3.1914e-07
4.20352e-07
3.6924e-07
3.4859e-07
3.40575e-07
4.11086e-07
7.01262e-07
2.44148e-07
3.93041e-07
4.77019e-07
3.32122e-07
4.65068e-07
2.02653e-07
4.05284e-07
3.35925e-07
4.005e-07
-5.5704e-09
-3.21729e-09
3.83613e-07
2.90242e-07
4.90805e-07
3.09374e-07
2.08381e-07
4.8836e-07
3.76752e-07
4.79729e-07
3.80984e-07
1.6286e-07
5.11024e-07
3.88783e-07
1.13653e-07
3.0901e-07
3.76629e-07
3.5627e-07
3.85117e-07
3.70757e-07
-3.99638e-08
3.73056e-07
4.2652e-07
3.22788e-07
4.42943e-07
5.23329e-07
-2.70227e-08
4.84559e-07
1.40439e-07
1.87756e-07
3.19291e-07
3.4242e-07
2.2571e-07
3.17049e-07
3.20653e-07
4.77868e-07
4.34476e-07
4.03403e-07
5.98962e-07
3.01114e-07
3.41396e-07
4.78466e-07
1.45322e-07
1.15979e-07
5.03837e-07
5.44002e-07
5.27636e-07
4.11715e-07
3.88669e-07
3.13202e-07
3.85527e-07
3.15903e-07
2.65024e-07
2.44502e-07
3.58023e-07
2.58907e-07
3.7463e-07
3.42231e-07
3.86794e-07
1.81949e-07
4.96279e-07
3.91494e-07
5.03559e-07
3.67534e-07
3.67881e-07
7.94114e-08
7.28255e-08
5.81816e-07
3.5299e-07
2.07162e-07
3.49021e-07
3.32899e-07
4.3228e-07
1.77329e-07
3.43121e-07
5.9836e-07
4.33497e-07
3.17487e-07
2.80873e-07
2.08161e-07
2.78702e-07
1.585e-07
4.06772e-07
2.77717e-07
1.76002e-07
2.31696e-07
5.05506e-07
2.6317e-07
3.41548e-08
5.9998e-07
4.2221e-07
3.23297e-07
4.25269e-07
5.40834e-07
-6.57163e-08
4.53133e-07
1.8866e-07
3.49201e-07
2.43537e-07
3.23209e-07
3.21951e-08
1.75562e-07
2.99123e-07
3.78831e-07
1.9741e-07
6.50117e-07
5.3304e-08
3.05968e-07
2.19483e-07
2.14715e-07
3.93031e-07
2.04985e-07
6.20211e-07
2.59191e-07
4.52783e-07
5.19398e-07
1.25862e-07
4.41385e-07
5.7168e-07
3.64954e-07
4.09045e-07
5.02644e-07
2.47366e-07
4.19158e-07
4.14999e-07
5.25036e-07
3.91833e-07
4.05559e-07
3.31119e-07
1.46656e-07
3.35682e-07
3.04842e-07
3.97198e-07
2.88861e-07
2.94624e-07
5.3272e-07
3.8847e-07
4.67948e-07
5.74674e-07
5.62502e-07
4.5787e-07
2.60856e-07
2.11563e-07
9.79392e-08
3.38189e-07
1.9195e-07
-2.7078e-08
4.81023e-07
3.18633e-07
2.1426e-07
1.78286e-07
3.67629e-07
8.60679e-08
4.49289e-07
3.60241e-07
3.06898e-07
4.22077e-07
4.1137e-07
3.79428e-07
3.24178e-07
1.30433e-07
4.30444e-07
3.60991e-07
1.67549e-07
2.98791e-07
4.2244e-07
4.07127e-07
5.49895e-07
1.82116e-07
3.52183e-07
7.55668e-09
4.67473e-07
3.68358e-07
1.28889e-07
2.95118e-07
2.6949e-07
3.0499e-07
2.89573e-07
3.74712e-07
4.36913e-07
5.2573e-07
6.21163e-07
5.97787e-07
1.59535e-07
3.94838e-07
4.35365e-07
3.14432e-07
9.26623e-08
1.94362e-07
3.36933e-07
4.13125e-07
5.37612e-07
1.87127e-07
3.19909e-07
2.49663e-07
2.79747e-07
5.26359e-07
3.20646e-07
5.90956e-07
2.17267e-07
3.86551e-07
3.98784e-08
3.01193e-07
5.82815e-07
3.17424e-07
1.50931e-07
3.16371e-07
5.30232e-07
1.1561e-07
4.67531e-07
4.06047e-07
1.34018e-07
1.72347e-07
6.81788e-07
5.4022e-07
2.81154e-07
3.66225e-07
3.30269e-07
6.24361e-07
3.39466e-07
2.76216e-07
4.57822e-07
3.95873e-07
3.99026e-07
4.75176e-07
5.76613e-07
3.82434e-07
4.09379e-07
4.46401e-07
9.54844e-08
2.583e-07
5.83408e-07
1.47711e-07
2.62867e-07
1.80097e-07
2.98865e-07
5.76489e-07
3.1557e-07
3.78311e-07
1.66464e-07
4.55999e-07
5.03014e-07
1.35905e-07
4.23629e-07
3.06377e-07
3.00614e-07
5.59054e-07
2.67695e-07
5.87338e-07
-1.92429e-08
2.92523e-07
6.09157e-07
4.9245e-07
2.61515e-07
4.87829e-07
3.8223e-07
1.67029e-07
3.25683e-07
5.38851e-07
4.52203e-07
2.23465e-07
3.04641e-07
4.14535e-07
2.7401e-07
2.65619e-07
3.04364e-08
3.37194e-07
5.85881e-07
2.32168e-07
4.29496e-07
4.53134e-07
4.0832e-07
1.74608e-07
4.25009e-07
2.11791e-07
4.43229e-07
5.70611e-07
2.9888e-07
4.62524e-07
4.30872e-07
1.91311e-07
3.00743e-07
3.25009e-07
-9.44687e-09
6.32215e-07
3.54781e-07
6.55971e-07
4.55509e-07
1.96945e-07
6.52483e-07
-3.3681e-08
5.13143e-07
3.47928e-07
3.93158e-07
5.67169e-07
3.57945e-07
2.78411e-07
3.51182e-07
3.72608e-07
2.36387e-07
4.01586e-07
5.82104e-08
3.61614e-07
1.19249e-07
5.00013e-07
3.38127e-07
3.22113e-07
2.57123e-07
1.48019e-07
4.79357e-07
-8.23398e-08
7.03827e-07
1.37413e-07
3.90804e-07
2.94604e-07
5.04755e-07
3.74401e-07
3.73019e-07
4.57196e-07
2.66331e-07
5.90311e-07
1.15347e-07
3.30785e-07
2.72096e-08
4.79508e-07
6.19404e-07
2.35169e-07
4.01118e-07
2.94774e-07
5.19731e-07
1.29071e-07
3.04782e-07
3.31294e-07
1.26202e-07
5.45386e-07
2.27113e-07
2.27726e-07
2.38647e-07
3.43072e-08
3.8615e-07
4.3994e-09
5.88888e-07
4.98753e-07
5.06565e-07
3.7346e-07
6.03929e-07
3.83427e-07
2.7578e-07
9.2075e-08
1.978e-07
4.26014e-07
3.13441e-07
5.41622e-07
3.85396e-07
3.13594e-07
6.90328e-08
3.85606e-07
2.16912e-07
3.24173e-07
5.10559e-07
3.67183e-07
2.43154e-07
3.88176e-07
4.53899e-07
3.72125e-07
8.27138e-08
3.74322e-07
1.87851e-07
2.18833e-07
2.16522e-07
3.767e-07
4.10743e-07
1.05407e-07
3.20776e-07
3.7206e-08
1.88588e-07
4.84761e-07
3.77227e-07
4.13294e-07
2.87733e-07
1.73116e-07
3.01025e-07
2.60865e-07
2.52316e-07
3.61865e-07
2.42778e-07
3.42727e-07
1.93817e-07
4.62961e-07
4.2415e-07
2.88431e-07
2.37732e-07
4.41381e-07
4.73434e-07
4.15576e-07
1.84576e-07
1.7491e-07
2.3551e-07
3.50551e-07
3.51058e-07
3.50083e-07
2.88993e-07
4.68582e-07
3.23789e-07
2.7227e-07
-4.9908e-08
5.0321e-07
2.00915e-07
3.42411e-07
5.12514e-07
3.26365e-07
4.70234e-07
1.70046e-07
3.14492e-07
6.91068e-07
2.83562e-07
2.82542e-07
8.52191e-08
2.91198e-07
6.35838e-07
3.61437e-07
1.84141e-07
2.57528e-07
1.80241e-07
1.95499e-07
2.98986e-07
1.71526e-07
4.92239e-07
4.75691e-07
4.47859e-07
4.49273e-07
2.68555e-07
4.23831e-07
2.7939e-07
4.54989e-07
2.83463e-07
4.33538e-07
5.46899e-07
2.41646e-07
2.83008e-07
2.24901e-07
2.6041e-07
3.69739e-07
3.56825e-07
3.44388e-07
1.6073e-07
2.40071e-07
3.30072e-07
3.69607e-07
5.61196e-07
2.69659e-07
1.55031e-07
4.54581e-07
2.76415e-07
4.05447e-07
5.59927e-07
3.36834e-07
2.57698e-07
3.17518e-07
1.96867e-07
3.47021e-07
2.44871e-07
4.83506e-07
3.4304e-07
2.96174e-07
5.70802e-07
2.06563e-07
3.76737e-07
4.54359e-07
3.61075e-07
2.26097e-07
3.48914e-07
3.61819e-07
4.2376e-07
5.8673e-07
4.24685e-07
3.88917e-07
2.16596e-07
4.13437e-07
4.78252e-07
2.85218e-07
4.66127e-07
3.87956e-07
2.7184e-07
2.13342e-07
2.78955e-07
3.06953e-07
4.21805e-07
3.03591e-07
1.37264e-07
2.00375e-07
4.78876e-07
3.59997e-07
4.34581e-07
2.92112e-07
1.41075e-07
1.83068e-07
3.86033e-07
2.83009e-07
5.51952e-07
4.71803e-07
6.3517e-07
2.77477e-07
2.54684e-07
4.55153e-07
2.43711e-07
4.09471e-07
6.1136e-07
2.46761e-07
3.75681e-07
1.41871e-07
3.66476e-07
2.33511e-07
3.96161e-07
5.07677e-07
2.655e-07
2.49755e-07
4.37165e-07
1.49085e-07
3.73753e-07
3.55943e-07
4.21295e-07
3.33219e-07
3.01693e-07
7.74044e-08
4.41206e-07
4.84137e-07
3.55128e-07
4.21777e-07
3.615e-07
2.15126e-07
3.10147e-07
2.19921e-07
2.56534e-07
3.40226e-07
3.65696e-07
4.76798e-07
2.65155e-07
2.98924e-08
5.83937e-07
1.25005e-07
2.85706e-07
3.92652e-07
4.27256e-07
2.009e-07
2.17019e-07
1.77353e-07
2.16396e-07
5.54038e-07
1.56468e-07
2.59037e-07
1.89181e-07
3.34088e-07
2.19273e-07
5.65411e-07
5.40031e-07
5.75421e-08
-4.61213e-09
1.58464e-07
3.70153e-07
7.55334e-07
9.52528e-08
6.06438e-08
3.47579e-07
1.36724e-07
5.19702e-07
-9.72115e-09
4.07527e-07
3.86213e-07
3.51861e-07
3.0386e-07
2.32979e-07
2.75216e-07
2.16762e-07
6.01684e-07
4.11349e-07
5.25634e-07
3.3321e-07
4.29742e-07
3.56173e-07
5.7126e-07
2.93491e-07
2.84675e-07
3.47624e-07
5.60734e-07
5.27394e-07
4.58079e-07
7.0268e-09
3.07786e-07
3.79715e-07
5.47712e-07
3.21925e-07
4.7703e-07
6.10269e-07
3.96666e-07
9.5296e-08
4.6328e-07
1.32958e-07
6.15495e-07
2.08878e-07
6.04119e-07
5.58054e-07
4.23177e-07
4.76552e-07
2.15713e-07
2.43919e-07
4.23718e-07
3.26528e-07
4.86607e-07
3.73564e-07
4.98661e-07
4.80958e-07
4.87326e-07
4.8679e-07
3.99089e-07
2.30894e-07
3.56766e-07
5.08036e-07
3.03591e-07
4.82733e-07
2.20565e-07
4.63716e-07
2.96241e-07
4.12777e-07
3.69796e-07
2.39537e-07
2.28489e-07
2.85017e-07
2.58174e-07
4.38102e-07
4.45254e-07
3.78055e-07
3.47658e-07
3.45454e-07
1.81261e-07
5.56639e-07
5.22485e-07
5.14454e-07
6.02847e-07
2.73815e-07
2.26822e-07
5.33933e-07
2.39963e-07
1.31874e-07
3.71113e-07
3.27476e-07
3.92573e-07
5.89195e-07
2.60559e-07
4.7185e-07
3.4865e-07
7.16578e-07
3.617e-07
4.46827e-07
4.39723e-07
4.67102e-07
3.50052e-07
3.23394e-07
7.84745e-08
4.0659e-07
3.88236e-07
3.76046e-07
6.61973e-07
2.48771e-07
2.85832e-07
1.79373e-07
1.07e-07
8.92019e-08
3.50854e-07
3.78125e-07
4.7353e-07
2.46196e-07
4.45651e-07
4.80555e-07
2.9404e-07
1.06577e-07
2.81117e-07
5.07839e-07
5.87057e-07
4.91404e-07
3.29306e-07
2.1288e-07
9.06661e-08
6.47266e-08
4.06682e-07
4.00381e-07
5.32619e-07
3.17696e-07
4.42149e-07
3.76914e-07
3.36611e-07
4.40959e-07
2.81925e-07
5.94446e-07
2.19736e-07
3.50727e-07
5.4227e-07
7.5486e-09
2.4293e-07
3.67332e-07
5.09057e-07
9.44639e-08
4.05086e-07
3.37053e-07
2.35206e-07
2.53949e-07
3.45633e-07
2.90735e-07
2.85586e-08
2.90457e-07
6.06963e-07
3.55771e-07
4.85082e-07
5.15828e-07
-1.38933e-08
3.61431e-07
3.45788e-07
4.32653e-07
4.52366e-07
4.92235e-07
2.62064e-07
3.32259e-07
4.5609e-07
6.04374e-07
1.18149e-07
6.83707e-07
6.31701e-07
4.8126e-08
1.47014e-07
2.18698e-07
6.18101e-07
2.51086e-07
9.06679e-08
4.41098e-07
2.30024e-07
2.07939e-07
1.21361e-07
5.57197e-07
4.49486e-07
5.91609e-07
3.55369e-07
1.58949e-07
1.94776e-07
3.40097e-07
1.36505e-07
3.85285e-07
2.23087e-07
2.52531e-07
2.8138e-07
3.51637e-07
1.67407e-07
1.25871e-07
4.44107e-07
4.31712e-07
1.02941e-07
5.12388e-08
4.72769e-07
1.54294e-07
5.76869e-07
5.14314e-07
1.17801e-07
4.05078e-07
4.61626e-07
6.77201e-07
2.41571e-07
1.85506e-07
1.32066e-07
1.93363e-07
3.84479e-07
2.2918e-07
2.21516e-07
3.76119e-07
2.76018e-07
2.84213e-07
8.34581e-07
3.11635e-07
3.93293e-07
3.06704e-07
4.01443e-07
2.51962e-07
5.61263e-07
5.30523e-07
5.7532e-07
4.98797e-07
8.19042e-08
4.03341e-08
6.30963e-07
5.24808e-07
3.58688e-07
2.4119e-07
3.13515e-07
9.84537e-08
2.58318e-07
2.09372e-07
4.05978e-07
3.61765e-07
5.45456e-07
3.64054e-07
4.71006e-07
2.23527e-07
2.22217e-07
5.52232e-08
3.08412e-07
3.88829e-07
4.41371e-07
2.08046e-07
4.71653e-07
1.76219e-07
3.97801e-07
1.32732e-07
2.73593e-07
3.53312e-07
3.73792e-07
4.38578e-08
3.42207e-07
3.53532e-07
2.37282e-07
-3.1712e-08
3.93675e-07
3.30247e-07
4.24707e-07
2.46255e-07
2.92768e-07
3.59037e-07
4.38738e-07
4.72955e-07
3.10145e-07
2.0216e-07
1.34312e-07
2.99071e-07
1.95509e-07
2.10783e-07
3.15611e-07
1.73306e-07
2.55519e-07
4.90531e-07
3.6618e-07
4.98854e-07
2.87588e-07
3.63729e-07
1.5373e-07
4.81013e-07
3.72446e-07
2.97372e-07
2.82646e-07
2.62271e-07
2.56329e-07
5.15541e-07
3.03701e-07
3.72349e-07
4.36781e-07
3.24443e-07
1.99531e-07
3.02051e-07
2.526e-07
8.21749e-08
3.96459e-07
5.49713e-07
2.2378e-07
4.69838e-07
4.57203e-07
3.49256e-07
1.46759e-07
3.26523e-07
5.71177e-08
2.85722e-07
5.09924e-07
5.65458e-07
3.12214e-07
4.33455e-07
4.41659e-07
2.61178e-07
4.88153e-07
4.17438e-07
2.42294e-07
2.41424e-07
4.78238e-07
6.10769e-07
5.21396e-07
2.60547e-07
3.66384e-07
4.10496e-07
3.58642e-07
3.80623e-08
3.05965e-07
3.12707e-07
4.90049e-07
6.27791e-07
4.12023e-07
1.78493e-07
2.01438e-07
4.39584e-07
2.84698e-07
4.3078e-07
4.14984e-07
4.12092e-07
4.01961e-07
2.91033e-07
5.56828e-07
4.13516e-07
3.45442e-07
4.86731e-07
5.34471e-07
5.33573e-07
1.32864e-07
2.17636e-07
3.4349e-07
3.66667e-07
2.94614e-07
4.24077e-07
2.63458e-07
3.45761e-07
3.70246e-07
4.25651e-08
1.43801e-07
3.60495e-07
4.86834e-07
3.75942e-07
3.02853e-07
4.77588e-07
1.32027e-07
5.88665e-07
4.4162e-07
6.82455e-07
1.66754e-07
5.00891e-07
1.49915e-08
5.54798e-07
3.07443e-07
3.83529e-07
2.68846e-07
6.16423e-07
5.36865e-07
5.87736e-07
2.21108e-07
4.19775e-07
2.5248e-07
3.51722e-07
1.78427e-07
1.34643e-07
7.88964e-08
4.06197e-07
4.87055e-07
3.00293e-07
3.3764e-07
4.98046e-07
4.16526e-07
3.77389e-07
2.74257e-07
2.1672e-07
4.40044e-07
3.10026e-07
4.2481e-07
4.6827e-07
4.03105e-07
3.74499e-08
5.47274e-07
1.76387e-07
5.54111e-07
2.79243e-07
6.36721e-07
4.51959e-07
2.9517e-07
5.79833e-07
3.46577e-07
4.78479e-07
3.61475e-07
2.74888e-07
3.78883e-07
3.53008e-07
6.73606e-07
5.15289e-07
3.2086e-07
3.03698e-07
4.32747e-07
5.41622e-07
5.53277e-07
6.66467e-07
3.00617e-07
1.8991e-07
3.62062e-07
4.06196e-07
-1.4547e-08
4.85802e-07
4.64357e-07
-4.02556e-08
4.39487e-07
5.61268e-07
1.959e-07
5.52018e-07
3.77851e-07
3.22175e-07
4.21996e-07
3.04435e-07
3.41099e-07
4.3669e-07
2.56526e-07
2.48653e-07
3.78154e-07
4.89909e-07
3.90577e-07
5.13783e-07
4.71644e-07
1.40263e-07
5.86211e-07
4.87947e-07
3.2703e-07
7.21777e-07
5.37048e-07
2.70545e-07
5.50314e-07
7.74545e-08
2.58669e-07
4.72697e-07
4.82312e-08
4.49027e-07
4.10974e-07
4.81682e-07
4.45013e-07
4.39808e-07
2.17573e-07
3.98972e-07
3.55221e-07
1.90574e-07
3.88718e-07
2.61165e-07
4.18208e-07
3.88651e-07
5.15852e-07
2.25403e-07
5.39027e-07
2.973e-07
4.59789e-07
5.66221e-08
5.10817e-07
3.42366e-07
4.09365e-07
2.33522e-07
5.31888e-07
4.46238e-07
3.46397e-08
1.19402e-07
5.43858e-07
1.25418e-07
3.50906e-07
4.06926e-07
2.11582e-07
2.4469e-07
3.0066e-07
4.59333e-07
2.65767e-07
1.10639e-07
3.62089e-07
3.56813e-07
4.41553e-07
4.21164e-07
6.89544e-07
3.49812e-07
1.57707e-07
1.41627e-07
1.97384e-07
5.30308e-07
5.45929e-08
2.03655e-07
3.44478e-07
2.77483e-07
2.16174e-07
2.19079e-07
1.56632e-07
4.6799e-07
5.05091e-07
1.40307e-07
2.44498e-07
4.25847e-07
3.0673e-07
3.14659e-07
5.35336e-07
4.43101e-07
3.16453e-07
3.09854e-07
1.91347e-07
1.83764e-07
3.35724e-07
1.7176e-07
3.20617e-07
3.02632e-07
4.62223e-07
6.58809e-08
2.11184e-07
3.43781e-07
4.28449e-07
4.09913e-07
3.12175e-07
3.87617e-07
2.40699e-07
3.11145e-07
5.14789e-07
2.51143e-07
6.34439e-08
5.36336e-07
2.31244e-07
3.42891e-07
2.20687e-07
7.27936e-07
1.825e-07
5.55154e-07
-2.49647e-08
1.36991e-07
3.54324e-07
6.99516e-07
1.82419e-07
2.81686e-07
3.03597e-07
2.35447e-07
3.44869e-07
1.50797e-07
3.58517e-07
2.17936e-07
4.93093e-07
4.00818e-07
2.62378e-07
4.52938e-07
3.66692e-07
4.22851e-07
3.34531e-07
7.2078e-07
4.05049e-07
3.03194e-07
-2.11882e-08
3.61424e-07
1.8005e-07
4.05779e-07
3.35125e-07
4.2894e-07
5.50639e-07
2.81883e-07
3.62485e-07
3.97119e-07
4.52571e-07
5.16631e-09
2.64159e-07
3.63988e-07
5.87405e-07
3.83349e-07
1.0144e-07
2.84466e-07
3.95239e-07
3.37069e-07
3.33142e-07
9.10792e-08
1.65764e-07
-1.60018e-09
5.32235e-07
1.80266e-07
3.10381e-07
8.68906e-08
3.91946e-07
3.19765e-07
1.99844e-07
4.43299e-07
4.81258e-07
5.95694e-08
4.23071e-07
2.60162e-07
4.98391e-07
5.29524e-07
5.58236e-07
5.69668e-07
1.20642e-07
2.73378e-07
3.64903e-07
4.97058e-07
1.46451e-07
6.77231e-07
1.75316e-07
3.58436e-07
3.28069e-07
4.33632e-07
2.77359e-07
6.1802e-07
4.09653e-07
2.1415e-07
6.80403e-08
3.47561e-07
2.29117e-07
1.60835e-07
3.8474e-07
3.33515e-07
2.62342e-07
2.14858e-07
2.30569e-07
3.50653e-07
1.15795e-07
3.87082e-07
3.48457e-07
2.84853e-07
-3.669e-08
1.20373e-07
1.69205e-07
1.13717e-07
3.79538e-07
2.72958e-07
6.58371e-08
3.55621e-07
1.38881e-07
4.77864e-07
2.67296e-07
4.68502e-07
5.18991e-07
2.31262e-07
2.22446e-07
3.40729e-07
1.70668e-07
1.33828e-07
6.1009e-07
4.93849e-07
1.40876e-07
1.55528e-07
2.84386e-07
4.07403e-07
3.70975e-07
1.51392e-07
3.36851e-07
2.61535e-07
2.44221e-07
8.11475e-08
2.84382e-07
3.67883e-07
2.68604e-07
5.92041e-07
3.06264e-07
1.07642e-07
2.58919e-08
2.53059e-07
5.47718e-07
2.67796e-07
3.41957e-07
3.86669e-07
2.48721e-07
4.41276e-07
3.07184e-07
1.01278e-07
4.74997e-07
2.91707e-07
3.41227e-07
3.43045e-07
5.78085e-07
6.71847e-07
3.85343e-07
3.54203e-07
2.64882e-07
3.18633e-07
6.78411e-08
4.69409e-07
3.16202e-07
3.50132e-07
3.91846e-07
6.31576e-07
4.34192e-07
2.11525e-07
6.80655e-08
4.72981e-07
2.86501e-07
4.29748e-07
5.14822e-07
5.01622e-07
1.73429e-07
5.62194e-07
3.4223e-07
2.11367e-07
6.31451e-07
2.54065e-07
3.07864e-07
1.09988e-07
4.61495e-07
3.14435e-07
8.01369e-08
1.4119e-07
4.30877e-07
2.92451e-07
2.00862e-07
4.51225e-07
2.85178e-07
3.46624e-07
3.11581e-07
-2.07681e-07
5.2224e-08
4.8542e-07
3.92772e-07
2.16036e-07
4.45589e-07
8.15298e-08
9.06187e-08
2.99088e-07
1.34175e-07
8.34174e-08
5.11619e-07
3.68356e-07
4.89328e-07
2.67587e-07
1.26154e-07
4.5251e-07
1.35853e-07
3.67435e-07
2.55258e-07
3.39984e-07
4.34491e-07
3.14891e-07
4.8602e-07
3.31407e-07
5.27631e-07
2.79908e-07
2.22599e-07
3.82312e-07
4.32224e-07
-1.042e-07
2.51438e-07
3.70122e-07
5.30222e-07
4.94508e-07
7.3696e-07
1.34204e-07
1.59676e-07
2.98561e-07
3.12088e-07
5.12883e-07
1.62381e-07
4.30054e-07
4.26614e-08
4.06672e-07
4.81258e-07
4.913e-07
2.8837e-07
4.19598e-07
3.61556e-07
2.69396e-07
3.84912e-07
8.92867e-09
1.79186e-07
2.80848e-07
4.0628e-07
3.40187e-07
1.85936e-07
4.47865e-07
3.45885e-07
2.14301e-07
1.00188e-07
2.0022e-07
6.68206e-07
1.75617e-07
2.23417e-07
2.89962e-07
4.16996e-07
3.71336e-07
7.04785e-07
2.55514e-07
3.24116e-07
4.88825e-07
1.66038e-07
5.03019e-07
3.17591e-07
3.36801e-07
1.04953e-07
2.6911e-07
4.90004e-07
5.15962e-07
2.67414e-07
3.18896e-07
2.73701e-07
3.88003e-07
5.57975e-07
1.84641e-07
4.91041e-07
5.84661e-08
4.12571e-07
4.78149e-07
1.76393e-07
7.42309e-07
1.48124e-07
3.45689e-07
4.76511e-07
2.52547e-07
4.42333e-07
3.50064e-07
3.91219e-07
2.06065e-07
5.30599e-07
5.17004e-07
1.99131e-07
3.35809e-07
5.50082e-07
3.92811e-07
5.46299e-07
3.50357e-07
2.36553e-07
3.85984e-07
6.2328e-07
3.53235e-08
1.78151e-07
2.70491e-07
3.91873e-07
3.21812e-07
1.85169e-07
5.06502e-07
2.96068e-07
2.66076e-07
5.15658e-07
2.98671e-07
3.57e-07
3.30494e-07
1.56257e-07
1.26759e-07
2.09244e-07
2.13525e-07
1.52866e-07
6.25512e-07
6.55679e-08
3.54066e-07
4.10966e-07
5.4804e-07
3.9397e-07
-1.10249e-07
3.08797e-07
5.15305e-07
2.654e-07
5.58439e-07
2.8575e-07
2.01931e-07
1.05345e-07
4.91843e-07
3.18529e-07
4.36614e-07
4.51275e-07
3.15938e-07
4.47184e-07
2.56376e-07
1.00113e-07
5.11257e-08
1.47765e-07
4.58755e-07
2.81384e-07
3.75591e-07
2.40408e-07
4.44085e-07
1.22996e-07
3.50572e-07
3.90615e-07
5.09913e-07
7.26462e-07
3.66709e-07
4.55139e-07
3.8586e-07
4.38062e-07
2.12223e-07
2.5878e-07
1.34447e-07
2.66371e-07
5.56968e-07
2.06572e-07
3.03544e-07
4.95604e-07
2.1593e-07
2.0418e-07
4.68075e-08
3.38576e-07
6.57609e-07
3.26409e-07
6.28685e-07
4.92703e-07
4.20757e-07
2.58759e-07
5.07053e-07
3.77138e-07
4.4725e-07
6.53719e-07
3.39147e-07
2.57209e-07
3.42736e-07
2.98861e-07
2.70763e-07
3.47015e-07
4.38409e-07
1.49592e-07
5.13661e-07
8.55029e-07
6.07874e-07
2.17178e-07
2.70016e-07
2.07487e-07
5.2046e-07
1.84305e-07
4.16464e-07
2.82845e-07
3.82208e-07
3.1169e-07
5.40935e-08
3.93094e-07
5.31177e-07
1.10193e-07
3.15535e-07
5.31212e-07
4.58216e-07
4.4161e-07
4.10976e-07
5.82186e-07
4.58566e-07
3.28737e-07
3.7716e-07
2.21659e-07
4.36158e-07
1.87364e-07
2.42633e-07
4.42449e-07
2.15273e-07
3.14697e-07
3.33379e-07
3.70081e-07
1.50378e-07
3.76506e-07
5.27684e-07
4.7465e-07
4.78498e-07
4.58798e-07
2.60888e-07
4.28387e-07
4.45158e-07
4.39872e-07
1.83635e-07
-1.66359e-07
3.03136e-07
1.21532e-07
8.8738e-08
1.11798e-07
1.3088e-07
2.70432e-07
-8.77576e-08
3.91076e-07
2.69814e-07
4.22174e-07
2.68026e-07
2.57165e-07
2.09901e-07
2.87211e-07
2.79041e-07
1.77485e-07
1.76459e-07
1.6232e-07
2.39958e-07
2.69274e-07
4.74433e-07
4.16439e-07
3.27496e-07
4.90911e-07
2.62635e-07
2.58074e-07
2.12795e-07
1.76176e-07
3.42822e-07
4.60556e-07
3.37599e-07
3.26361e-07
2.62997e-07
2.77077e-07
3.06178e-07
2.92397e-07
3.46846e-07
2.29918e-07
3.43425e-07
1.98624e-07
4.96122e-07
5.14144e-07
5.80936e-07
2.98693e-07
3.35594e-08
6.20197e-07
4.9313e-07
-6.42025e-08
-2.48524e-08
3.28312e-07
1.71141e-07
2.83836e-07
2.90383e-07
5.48099e-07
1.03938e-07
3.70392e-07
1.37002e-07
2.72481e-07
1.0168e-07
2.98826e-07
4.46109e-07
4.09359e-07
1.31469e-07
3.81122e-07
2.20144e-07
6.58552e-08
4.39235e-07
1.67635e-07
3.87573e-07
4.04913e-07
1.06559e-07
7.14156e-07
2.03985e-07
2.90799e-07
4.16947e-07
3.79389e-07
1.86466e-07
4.46413e-07
2.54692e-07
5.17175e-07
4.16334e-07
4.61022e-07
2.23962e-07
2.82721e-07
4.58429e-07
5.54411e-07
2.46974e-07
7.02466e-07
2.8409e-07
4.94686e-07
2.35817e-07
3.39887e-07
4.63398e-07
5.94438e-07
2.63928e-07
6.03459e-07
4.98207e-07
3.50117e-07
8.1644e-08
4.73762e-07
7.57568e-08
2.17669e-07
1.08338e-07
3.9187e-07
4.86012e-07
1.45119e-07
1.13264e-07
4.62419e-07
3.59165e-07
4.44802e-07
3.34946e-07
4.72196e-07
2.93437e-07
4.91442e-07
3.80824e-07
3.94491e-07
4.43611e-07
5.37929e-07
3.22705e-07
3.83308e-07
2.35752e-07
1.18666e-07
3.95917e-07
3.17669e-07
6.10323e-07
4.11026e-07
4.46307e-07
3.7097e-07
4.29419e-07
4.90476e-07
4.87755e-07
4.029e-07
3.12543e-07
5.82503e-08
4.35043e-07
3.64162e-07
3.24328e-07
3.02815e-07
4.77506e-07
2.96104e-07
2.52546e-07
7.35598e-07
2.6214e-07
1.88414e-07
4.96937e-07
3.6594e-07
2.67854e-07
2.46383e-07
6.6082e-07
3.6232e-07
3.27152e-07
2.46133e-07
5.20616e-07
2.73954e-07
1.1452e-07
3.04164e-07
2.78359e-07
5.0874e-07
1.70908e-07
4.4271e-07
4.3699e-07
3.60513e-07
2.37454e-07
3.95613e-07
6.19255e-07
3.45797e-07
3.28387e-07
4.33535e-07
3.54962e-07
4.45909e-07
1.25448e-07
3.45432e-07
6.75129e-07
6.10585e-07
1.3468e-07
5.25254e-07
3.40044e-07
3.76278e-07
1.63272e-07
3.96578e-07
4.09318e-07
5.70755e-07
1.93848e-07
3.67746e-07
5.14492e-07
2.59067e-07
5.18517e-07
1.95673e-07
5.44619e-07
4.60612e-07
3.31469e-07
3.03632e-07
2.52192e-07
1.18955e-07
4.15153e-07
5.00551e-07
2.0137e-07
-2.30891e-08
1.38086e-07
2.29128e-08
5.23104e-07
1.48349e-07
5.37727e-07
3.10347e-07
2.89461e-07
8.64029e-08
4.88956e-07
3.36389e-07
3.47654e-07
4.1217e-07
4.24651e-07
4.92536e-07
4.65937e-07
5.01337e-07
6.83094e-07
1.93755e-07
3.63636e-07
4.63299e-07
2.54639e-07
2.12211e-07
2.99476e-07
2.53299e-07
-9.6824e-08
2.63289e-07
2.05491e-07
3.05744e-07
2.25988e-07
3.73272e-07
3.46973e-07
5.042e-07
1.79405e-07
5.19847e-07
3.45742e-07
2.604e-07
4.5597e-07
3.74874e-07
4.93318e-07
2.5029e-07
2.693e-07
1.32649e-07
2.20737e-07
1.58956e-07
2.48523e-07
3.56182e-07
2.59174e-07
3.06904e-07
4.03981e-07
4.40939e-07
4.17665e-07
2.95889e-07
1.45957e-07
2.00891e-07
2.68261e-07
5.57407e-07
3.48597e-07
3.5878e-07
3.48067e-07
3.00576e-07
2.73401e-07
3.53224e-07
3.74438e-07
5.67619e-07
3.80397e-07
2.64434e-07
5.87538e-07
1.0195e-07
5.47816e-07
5.45832e-07
3.64902e-07
3.42203e-07
-8.32963e-08
2.60525e-07
1.51627e-07
1.5946e-07
4.55368e-07
2.70905e-07
2.87552e-07
4.00667e-07
3.37545e-07
5.5973e-07
5.71117e-07
4.59947e-07
4.74033e-07
3.00763e-07
3.40688e-07
6.58121e-07
4.02392e-07
4.46889e-07
4.78735e-07
3.05617e-07
3.65923e-07
1.90023e-07
6.02169e-07
4.36959e-07
3.04481e-07
3.44194e-07
4.34927e-07
-2.22829e-08
6.46496e-07
3.93669e-07
6.8308e-08
4.72443e-07
3.65786e-07
2.16914e-07
2.40484e-07
3.69559e-07
4.94496e-07
2.87476e-07
2.27043e-07
1.76494e-07
2.35462e-07
2.75922e-07
9.2002e-08
3.27295e-07
5.84916e-07
3.02404e-07
2.56043e-07
2.70231e-07
3.93522e-07
3.08226e-07
3.26735e-07
3.95967e-07
2.91421e-07
2.96811e-07
4.44233e-07
4.76061e-07
3.73949e-07
7.87206e-07
1.24059e-07
3.6804e-07
9.94988e-08
3.22424e-07
1.46246e-07
5.18465e-08
4.56665e-07
2.29758e-07
2.35595e-07
1.73356e-07
4.60965e-07
4.93287e-07
1.18923e-07
3.25804e-07
5.41374e-07
2.00078e-07
4.58714e-07
2.41012e-07
3.46395e-07
5.1215e-07
2.10787e-07
2.54523e-07
1.3158e-07
2.81109e-07
2.59631e-07
4.71249e-07
5.58983e-07
5.18982e-07
3.36081e-07
3.41527e-07
3.99502e-07
3.00197e-07
2.09149e-07
3.20913e-07
3.9903e-07
1.31086e-07
2.67523e-07
4.05598e-07
4.45181e-07
4.85484e-07
1.69665e-07
3.53276e-07
2.27888e-07
1.78168e-07
3.07809e-07
4.41549e-07
3.37865e-07
3.53213e-07
2.29622e-07
5.17757e-07
3.00178e-07
4.94145e-07
3.54742e-07
3.56734e-07
3.64498e-07
3.46335e-07
3.50494e-07
5.69752e-07
-4.55204e-08
1.07525e-07
4.11907e-07
4.0224e-07
1.45221e-07
1.91972e-07
3.45399e-07
2.23484e-07
1.47016e-07
5.42341e-07
3.82321e-07
3.53469e-07
3.32445e-07
1.51578e-07
3.34568e-07
4.71621e-07
2.42031e-07
3.37907e-07
1.90413e-07
2.05875e-07
7.48428e-07
4.75761e-07
2.62105e-07
4.86595e-07
6.26689e-09
3.88599e-07
3.52267e-07
5.21621e-07
3.74497e-07
5.72926e-07
4.13199e-07
3.04931e-07
3.3595e-07
4.09712e-07
3.29215e-07
3.44417e-07
1.98482e-07
1.63961e-07
3.26192e-07
6.40251e-07
2.31221e-07
1.45485e-07
3.15231e-07
5.34369e-07
2.21333e-07
5.00099e-07
5.15892e-07
4.17588e-07
3.0395e-07
2.4659e-07
1.39903e-07
3.57207e-07
6.45729e-07
4.80091e-07
-9.01659e-08
6.85337e-07
3.07777e-07
4.71917e-07
4.76207e-07
3.92654e-07
4.1848e-07
1.37753e-07
3.70664e-07
1.7664e-08
4.81703e-07
6.38903e-07
4.91074e-07
2.52803e-07
1.17316e-07
4.24472e-07
4.54212e-07
3.06526e-07
2.37826e-07
5.5622e-07
4.81242e-07
3.62049e-07
2.78498e-07
3.19437e-07
4.30371e-07
8.63351e-08
4.36426e-07
1.69541e-07
8.04051e-07
3.2025e-07
2.95406e-07
2.60068e-07
3.44476e-07
1.5835e-07
2.79151e-07
5.28903e-07
4.74614e-08
3.09088e-07
4.65756e-07
3.58015e-07
2.40785e-07
4.63874e-07
1.70005e-07
5.55848e-07
7.92385e-08
1.43184e-08
3.72283e-07
3.84702e-07
3.941e-07
2.04206e-07
4.81429e-07
4.1917e-07
4.36918e-07
4.95834e-07
3.90004e-07
4.50235e-07
5.8476e-07
1.84334e-07
2.2384e-07
3.5444e-07
2.45916e-07
3.85014e-07
2.23772e-07
4.97963e-07
3.04133e-07
3.49052e-07
6.16343e-07
-5.8422e-08
5.03608e-07
1.29286e-07
5.66028e-07
2.7905e-07
3.87514e-07
2.82074e-07
4.87704e-07
-4.12828e-09
7.69564e-07
4.68605e-07
1.09797e-07
4.93722e-07
1.84457e-07
4.69134e-07
3.48239e-07
7.67683e-07
5.93887e-08
4.57732e-07
5.78538e-07
2.82759e-07
1.79554e-07
1.29369e-07
5.72279e-07
4.16106e-07
2.59238e-07
4.92538e-07
-1.37177e-07
1.20678e-07
4.74634e-07
4.36789e-07
-8.87546e-09
6.44496e-07
4.88579e-07
3.38126e-07
3.50429e-07
1.4584e-07
4.68496e-07
8.1147e-08
1.17149e-07
5.56751e-07
1.9295e-07
4.4002e-07
3.78652e-07
1.90708e-07
5.3826e-07
4.05721e-07
9.99658e-08
3.81584e-07
1.01245e-07
2.54213e-07
1.62669e-07
9.4424e-08
3.143e-07
2.9003e-07
5.93658e-07
3.36248e-07
4.48054e-07
4.54888e-07
3.40027e-07
2.98772e-07
4.64423e-07
2.69522e-07
3.98341e-07
5.35482e-07
1.91121e-07
3.39084e-07
2.39479e-07
5.33643e-07
-4.65144e-08
2.44588e-07
3.25066e-07
3.41302e-07
2.4866e-07
6.20102e-07
2.45822e-07
1.18221e-07
2.58562e-07
2.86639e-07
9.66292e-08
4.56687e-07
3.05325e-07
6.58166e-07
4.69017e-07
3.41353e-07
3.94108e-07
6.7913e-07
4.37722e-07
5.89173e-07
4.07853e-07
4.12341e-07
1.81485e-07
2.35878e-07
2.86367e-07
3.77602e-07
2.16117e-07
5.68902e-07
3.45217e-07
4.71783e-07
4.04782e-07
2.53094e-07
2.72929e-07
3.9146e-07
4.49147e-07
4.77429e-07
2.71101e-07
5.38743e-07
1.13e-07
6.48923e-07
1.62476e-07
5.70418e-07
5.59479e-08
5.45753e-07
3.38028e-07
1.51558e-07
3.16623e-07
3.77969e-07
1.41205e-07
2.08529e-07
4.85088e-07
2.90178e-07
6.47738e-07
1.83572e-07
5.5431e-07
6.78844e-07
4.6774e-07
2.2734e-07
2.03573e-07
4.43727e-07
3.4536e-07
1.92483e-07
2.12314e-07
1.6634e-07
-6.44945e-08
5.56131e-07
6.43246e-08
1.22752e-07
2.48213e-07
7.22108e-08
4.38365e-07
2.74323e-07
7.3739e-07
2.4114e-07
2.51651e-07
2.68189e-07
5.90267e-07
3.22873e-07
1.10796e-07
4.96938e-07
1.59261e-07
4.96454e-07
1.45064e-07
4.14835e-07
5.07665e-07
2.97866e-07
1.32418e-07
4.21144e-07
4.03881e-07
2.32115e-07
3.62292e-07
1.38027e-07
1.85123e-07
3.6252e-07
5.25993e-07
7.54135e-07
3.01134e-07
5.37132e-07
4.03961e-07
7.67995e-07
2.10663e-07
4.98337e-07
5.33646e-07
2.93123e-07
3.31214e-07
9.82386e-08
4.75702e-07
3.57111e-07
2.85747e-07
1.31154e-07
2.59639e-07
4.6094e-07
1.04479e-07
3.71046e-07
5.65026e-07
4.80753e-07
2.65257e-07
3.97141e-07
6.27397e-07
8.64683e-08
5.43737e-08
3.82983e-07
1.98951e-07
1.60447e-07
2.48449e-07
4.6427e-07
1.78884e-07
2.36826e-07
5.18452e-07
-1.24849e-07
1.37206e-07
4.51726e-07
2.77203e-07
3.77439e-07
5.00212e-07
2.27074e-08
1.89741e-07
2.11485e-07
3.94258e-07
2.4009e-07
3.21034e-07
3.98458e-07
2.29708e-07
4.93301e-07
4.89832e-07
2.04402e-07
1.00716e-07
5.30818e-07
3.87315e-07
7.18308e-08
3.19542e-07
4.47499e-07
2.2216e-07
3.56399e-07
4.63063e-07
4.45091e-07
2.3859e-07
2.6062e-07
3.5416e-07
3.5011e-07
7.71343e-08
-1.03337e-07
4.98863e-07
5.31563e-07
3.779e-07
2.16068e-07
3.01328e-07
3.38187e-07
2.0485e-07
3.18424e-07
3.83781e-07
4.50548e-08
4.30961e-07
3.60429e-07
5.15498e-07
1.12598e-07
6.74308e-07
3.68242e-07
2.72132e-07
5.09022e-07
5.05811e-07
3.47844e-07
3.65661e-07
2.80266e-07
4.43519e-07
1.7775e-07
4.66092e-07
2.03229e-07
-3.45379e-08
6.31886e-07
4.27484e-07
7.7501e-08
1.81308e-07
4.71976e-07
3.65287e-07
1.76547e-08
5.80497e-07
3.81232e-07
4.26034e-07
1.83038e-07
1.58283e-07
4.67025e-07
1.13084e-07
1.57117e-07
2.74153e-07
4.18544e-07
1.96721e-07
2.96572e-07
1.51925e-07
2.61585e-07
4.70584e-07
2.76058e-08
2.53482e-07
3.24764e-07
4.2979e-07
3.02513e-07
2.57262e-07
2.99876e-07
2.87261e-07
2.17117e-07
2.35039e-07
3.77303e-07
3.75437e-07
3.30323e-07
5.19839e-07
4.615e-07
3.3708e-07
2.51334e-07
3.69142e-07
4.33749e-07
1.91572e-07
4.59819e-07
5.52422e-07
1.87494e-07
3.36196e-07
4.71274e-07
4.06012e-07
5.21752e-07
4.86017e-07
4.47663e-07
-6.87618e-08
1.87608e-07
4.12016e-07
6.03751e-07
3.85198e-07
1.02141e-07
2.6659e-07
7.8695e-08
1.49106e-07
2.56595e-07
4.66454e-07
3.53539e-07
2.04707e-07
6.99698e-07
2.40144e-07
3.56939e-07
4.97541e-07
1.81863e-07
3.64118e-07
1.88478e-07
3.61641e-07
3.79589e-07
2.82494e-07
3.12942e-08
1.40574e-07
2.88354e-07
3.613e-07
5.33912e-07
5.04669e-07
7.14158e-07
2.07396e-07
2.48049e-07
3.51576e-07
3.71577e-07
9.84415e-08
7.1218e-07
3.56033e-08
4.26547e-07
5.87811e-07
2.58495e-07
2.6221e-07
3.08304e-07
2.13984e-07
4.39729e-07
2.69595e-07
3.31767e-07
2.65174e-07
3.86332e-07
1.81635e-08
5.24216e-07
2.06673e-07
3.61365e-07
2.24858e-07
3.59693e-07
2.48543e-07
6.08361e-07
1.90941e-07
4.79108e-07
2.66333e-07
2.81721e-07
3.23358e-07
1.84065e-07
1.7009e-07
3.174e-07
2.04045e-07
1.66012e-07
8.08387e-08
5.14892e-07
3.85385e-07
2.19978e-07
2.99055e-07
4.42136e-07
2.93557e-07
4.22377e-07
2.40899e-07
4.59121e-07
4.08796e-07
3.36394e-07
7.01581e-08
2.15331e-07
4.19583e-07
3.80655e-07
4.9903e-07
7.41577e-08
5.66729e-07
7.4455e-07
5.11471e-07
3.01234e-07
2.39552e-07
2.80685e-07
4.60258e-07
1.53085e-07
4.03063e-07
3.51538e-07
4.90472e-07
3.45915e-07
2.99017e-07
2.8952e-07
3.06732e-07
1.57664e-07
3.89339e-07
2.50968e-07
4.17685e-07
5.04078e-07
3.52093e-07
1.57626e-07
1.76167e-07
3.44395e-07
4.10756e-07
3.25544e-07
4.317e-07
1.91105e-07
2.52457e-07
4.01579e-07
5.84769e-07
5.9294e-07
2.82266e-07
5.31105e-07
3.77079e-07
3.77465e-07
1.69339e-07
6.29021e-07
3.70048e-07
3.45675e-07
1.34009e-07
5.63002e-07
5.70904e-07
1.95887e-07
3.99428e-07
2.91169e-07
1.10477e-07
4.21071e-07
3.20652e-07
4.68972e-07
6.41595e-07
5.06165e-07
6.45448e-07
5.26135e-07
2.50875e-07
5.22647e-08
5.68354e-07
3.53473e-07
4.36773e-07
3.89282e-07
9.40213e-08
9.78108e-08
3.84715e-07
2.79039e-07
4.21693e-07
6.70928e-07
6.60122e-07
3.98144e-07
1.03701e-07
4.08302e-07
2.92112e-07
4.2437e-07
1.9726e-07
1.59522e-07
3.45771e-07
9.86154e-08
5.81848e-07
2.80554e-07
2.46044e-07
4.71706e-08
2.92025e-07
2.84051e-07
9.0797e-08
1.82772e-07
5.01356e-07
2.43851e-07
8.11429e-08
1.31644e-07
3.17337e-07
3.204e-07
4.52594e-07
4.55146e-07
1.67859e-07
2.36637e-07
4.62903e-07
1.8251e-08
3.27986e-07
4.10469e-07
5.82881e-07
3.38206e-07
4.61048e-07
4.03058e-07
2.83716e-07
4.01987e-07
6.03196e-07
3.20883e-07
2.38016e-07
1.65793e-07
-1.63156e-08
3.72852e-07
4.29897e-07
8.55114e-07
2.80765e-07
2.23587e-07
1.29663e-07
4.68897e-07
3.00089e-07
2.72986e-07
5.55594e-07
5.13901e-07
1.66043e-07
2.50432e-07
4.81846e-07
8.67597e-08
5.16967e-07
5.204e-07
5.23424e-07
-1.08309e-07
5.89145e-07
5.75584e-07
3.39083e-07
1.09349e-07
5.1006e-07
2.3195e-07
3.7525e-07
1.22372e-07
1.80189e-07
3.63412e-07
4.67578e-07
4.37022e-07
7.85541e-07
4.42397e-07
2.4012e-07
-6.25406e-08
4.43632e-07
3.77397e-07
4.17995e-07
4.6307e-07
4.16034e-07
3.80524e-07
2.63348e-07
5.3526e-07
3.13275e-07
4.88381e-07
4.74167e-07
4.39558e-07
3.13121e-07
2.19272e-07
1.8139e-07
4.35642e-07
1.32187e-07
3.97628e-07
3.08615e-07
6.08815e-07
5.24956e-07
3.52622e-07
6.2368e-07
2.59607e-07
1.03917e-07
5.49001e-07
3.38359e-07
3.25109e-07
1.14619e-07
3.62824e-07
1.7457e-07
4.05222e-07
2.95424e-07
6.18426e-07
4.81888e-07
2.27922e-07
5.01654e-07
3.12474e-07
6.05311e-07
3.78729e-07
3.04522e-07
3.85282e-07
2.34484e-07
5.86302e-07
5.44942e-07
1.12853e-07
6.62962e-07
1.10621e-07
4.41258e-07
1.33697e-07
2.486e-07
1.61961e-07
3.80553e-07
5.70103e-07
1.63783e-07
3.17474e-07
3.42688e-07
4.27685e-07
2.86317e-07
3.70125e-07
4.51999e-08
6.29992e-07
1.0215e-07
3.48304e-07
4.43743e-07
-9.54865e-09
4.89833e-07
2.12378e-07
3.42212e-07
1.15575e-07
7.95651e-08
5.07388e-07
5.54147e-07
3.01293e-07
4.90067e-07
2.62039e-07
4.18843e-07
3.16626e-07
2.88648e-07
2.58316e-07
3.85759e-07
2.31299e-07
3.37248e-07
3.92464e-07
3.36998e-07
7.51368e-08
3.19645e-07
2.65942e-07
3.63018e-07
2.35058e-07
3.25464e-07
2.1062e-07
5.79926e-07
3.31316e-08
4.12307e-07
2.44666e-07
4.16649e-07
4.90177e-07
4.67055e-07
4.01925e-07
1.46721e-07
1.51042e-07
2.41759e-07
4.64942e-07
3.87272e-07
4.2878e-07
3.40292e-07
2.93337e-07
2.93527e-07
3.34914e-07
1.81553e-07
2.6327e-07
4.71159e-07
5.22254e-07
5.48627e-07
4.8673e-07
5.87734e-07
2.13701e-07
2.27713e-07
4.68067e-07
5.02373e-07
3.16768e-07
3.03922e-07
3.10783e-07
4.27379e-07
1.30891e-07
3.15413e-07
3.52598e-07
3.39181e-07
2.66508e-07
1.94974e-07
6.32241e-07
2.03009e-07
1.70251e-07
2.43657e-07
2.7052e-07
2.72526e-07
4.80558e-07
4.27953e-07
3.53331e-07
4.92937e-07
5.41257e-07
4.11793e-07
4.37293e-07
3.75133e-07
5.23917e-07
1.29806e-07
4.56845e-07
5.75519e-07
2.96572e-08
2.77473e-07
1.78799e-07
5.71537e-07
2.23153e-07
4.11363e-07
3.66656e-07
2.46785e-07
4.17009e-07
5.61029e-07
4.45785e-07
2.19869e-07
3.13055e-07
3.89868e-07
5.09596e-07
2.34347e-07
3.66133e-07
2.11288e-07
2.41001e-07
5.7137e-07
5.4296e-07
3.7642e-07
1.25039e-07
3.85987e-07
4.72498e-07
3.31712e-07
1.46146e-07
7.20977e-07
4.428e-07
6.11227e-08
3.40302e-07
5.7668e-07
3.35008e-07
6.65259e-07
5.20622e-07
6.42445e-07
5.96031e-07
4.42288e-07
2.63548e-07
2.12232e-07
5.31991e-07
2.6949e-07
4.78482e-07
6.1297e-07
3.73811e-07
3.43264e-07
5.4126e-07
5.43316e-07
2.38963e-07
3.87993e-07
3.83712e-07
3.47357e-07
1.64373e-07
1.43133e-07
1.48972e-08
4.68234e-07
3.2908e-07
3.13291e-07
5.3421e-07
3.44655e-07
4.54005e-07
2.03721e-07
2.35121e-07
4.23162e-07
1.90561e-07
4.09475e-07
2.57386e-07
2.09691e-07
1.40346e-07
3.1029e-07
5.10841e-07
3.85227e-07
2.94527e-07
5.52251e-07
6.74458e-07
1.1932e-07
1.62183e-07
3.16741e-07
3.23932e-07
3.07821e-07
1.04507e-07
3.66653e-07
3.97924e-07
6.33197e-07
5.0223e-07
3.49946e-07
3.95072e-07
2.46178e-07
8.11295e-08
2.55286e-07
1.27254e-07
6.4629e-07
2.71547e-07
4.50257e-07
7.22281e-07
4.7708e-07
2.99269e-07
1.06895e-07
5.27228e-07
2.48365e-07
9.75493e-08
1.16358e-07
4.42107e-07
3.06894e-07
4.0717e-07
1.35672e-07
4.93649e-07
3.55323e-07
5.22851e-07
3.96805e-07
3.39349e-07
1.7517e-07
3.68159e-07
8.82099e-07
4.02984e-07
3.3131e-07
3.76125e-07
2.00001e-07
4.78049e-07
5.04145e-07
2.41733e-07
3.79976e-07
1.85122e-07
7.32967e-07
6.95095e-07
9.74709e-08
2.51173e-07
3.50759e-07
2.32974e-07
4.65333e-07
4.61185e-07
4.39814e-07
4.87822e-07
3.73073e-07
4.3143e-07
4.58362e-07
2.0333e-07
4.10292e-07
1.70496e-07
3.61865e-07
2.25573e-07
4.35423e-07
3.44174e-07
6.70838e-07
4.5994e-07
3.09081e-07
3.24571e-07
6.03408e-07
3.6434e-07
4.81094e-07
1.25597e-07
7.98452e-07
1.21884e-07
1.47186e-07
1.98745e-07
1.95925e-07
2.14564e-07
5.96859e-07
3.42259e-07
4.21755e-07
4.31441e-07
3.41498e-07
3.4632e-07
3.59674e-07
4.91764e-07
2.2437e-08
2.77484e-07
5.15981e-07
5.46556e-07
2.92716e-07
2.76912e-07
2.74107e-07
3.32076e-07
2.26438e-07
6.1405e-07
1.23234e-07
3.92526e-07
3.77579e-07
3.26481e-07
4.89131e-07
2.13535e-07
2.87843e-07
5.67453e-07
1.21904e-07
2.02153e-07
2.58612e-07
3.1886e-07
3.81976e-07
2.8158e-07
2.7168e-07
2.39814e-07
4.99507e-07
6.07226e-07
5.00609e-07
2.26409e-08
3.19899e-07
1.03308e-07
5.61256e-07
2.87603e-07
5.13144e-07
3.80356e-07
2.62918e-07
4.44611e-07
4.19911e-07
2.70789e-07
3.86085e-07
4.40392e-07
3.64837e-07
3.42486e-07
2.86978e-07
3.06171e-07
4.60012e-07
5.56859e-07
4.89674e-07
-5.40895e-08
1.89817e-07
1.71094e-07
1.43675e-07
3.11427e-07
1.52637e-07
3.55939e-07
1.3136e-07
4.10972e-07
1.37294e-07
3.61012e-07
2.60483e-07
2.5763e-07
4.21232e-07
3.02695e-07
3.68721e-07
1.80906e-07
4.85663e-07
2.06381e-07
3.85151e-07
1.51717e-07
3.99086e-07
2.00747e-07
2.37368e-07
3.49811e-07
3.29979e-07
3.33757e-07
2.4926e-07
5.24602e-08
2.10119e-07
4.16188e-07
2.74407e-07
6.10074e-07
4.43519e-07
4.53967e-07
6.8469e-07
4.63783e-07
2.03799e-07
2.61776e-07
7.86736e-07
5.66104e-07
7.31239e-07
3.71981e-07
1.69379e-07
3.0288e-07
3.78464e-07
2.79056e-07
4.05951e-07
4.08673e-07
5.42915e-07
1.92443e-07
2.09029e-07
3.40921e-07
1.72298e-07
1.19244e-07
4.66127e-07
3.84129e-07
3.56075e-07
4.41943e-07
4.11224e-07
2.98e-07
4.57752e-07
8.66579e-08
3.03827e-07
-5.10047e-08
6.24198e-08
4.63398e-07
6.13373e-08
3.27181e-07
4.86914e-07
5.70976e-07
3.48169e-07
7.21349e-08
5.02444e-07
3.52779e-07
4.32246e-07
4.53054e-07
1.82145e-07
4.59028e-08
1.23405e-08
2.06183e-08
8.85031e-08
2.56355e-07
2.69067e-07
5.41529e-07
4.54651e-07
3.29371e-07
5.62777e-07
4.27545e-07
3.93737e-07
4.15999e-07
2.12206e-07
5.10014e-07
8.01027e-07
5.7194e-07
3.00549e-07
3.40078e-07
4.50187e-07
5.01699e-07
3.29464e-07
6.91297e-07
3.70101e-07
8.88399e-07
2.9782e-07
7.74243e-08
3.96773e-07
1.61472e-07
3.27577e-07
2.84669e-07
2.24282e-07
3.20181e-07
2.74114e-07
3.84446e-07
2.34562e-07
4.05345e-07
3.77575e-07
3.60803e-07
1.90917e-08
3.49234e-07
4.96858e-07
3.17111e-07
9.08245e-08
3.1456e-07
3.18477e-07
4.73103e-07
4.50222e-07
3.53603e-07
2.52772e-07
5.06576e-07
4.0502e-07
4.35306e-07
4.10158e-07
4.16416e-07
3.81418e-07
4.03751e-07
3.23162e-07
4.68025e-07
3.6437e-07
3.69093e-07
3.51061e-07
2.2377e-07
4.67503e-07
1.20467e-07
1.93588e-07
2.76278e-07
6.20984e-07
3.86498e-07
3.13439e-07
2.17853e-07
3.80112e-07
4.34339e-07
1.00066e-07
5.64894e-07
3.60764e-07
3.10067e-07
2.80992e-07
4.51488e-07
4.47002e-07
4.54135e-07
4.6611e-07
4.37271e-07
3.14307e-07
4.10407e-07
3.12683e-07
5.40835e-07
2.87153e-07
3.19584e-07
3.78438e-07
3.53368e-07
4.36152e-07
5.4118e-07
4.33637e-07
4.14894e-07
4.03184e-07
2.06041e-07
3.79375e-07
2.21783e-07
2.80668e-07
3.05392e-07
2.49601e-07
2.94363e-07
2.74008e-07
3.75754e-07
6.11874e-07
3.68822e-07
8.1357e-07
5.1104e-07
-1.54219e-07
4.79696e-07
3.28722e-07
6.05191e-07
1.3503e-07
3.3077e-07
5.39313e-07
2.15604e-07
7.97088e-08
4.72138e-07
1.79064e-07
2.8093e-07
1.41762e-07
3.777e-07
4.39588e-07
3.56406e-07
4.16085e-07
2.84559e-07
3.29994e-07
3.77203e-07
1.87854e-07
7.89256e-08
2.30479e-07
4.04174e-07
3.55773e-07
3.64475e-07
1.30754e-07
4.3533e-07
5.95172e-07
8.28493e-07
3.84807e-07
3.45114e-07
1.12467e-07
3.10727e-07
4.66659e-07
2.03381e-07
3.09536e-07
4.92558e-07
1.57396e-07
2.90841e-07
2.35679e-07
3.79046e-07
3.65759e-07
1.18907e-07
2.42324e-07
2.17224e-07
2.47115e-07
1.48068e-07
2.37298e-07
1.47419e-07
1.24301e-08
2.09644e-07
3.26301e-07
3.9356e-07
2.80097e-07
3.86236e-07
1.28791e-07
3.59688e-07
5.27073e-07
2.68787e-07
4.73976e-07
5.95434e-07
2.42227e-07
2.18054e-07
2.16742e-07
4.05281e-07
-1.53958e-07
3.32775e-07
-3.90464e-08
7.53918e-07
3.07447e-07
3.12099e-07
4.80554e-07
2.10626e-07
4.54383e-07
2.46995e-07
4.28485e-07
2.64404e-07
4.98815e-07
2.66028e-07
5.07718e-07
2.46705e-07
4.73258e-07
1.93246e-07
1.65157e-07
5.28233e-07
3.59655e-07
4.84815e-07
2.42693e-07
2.63331e-07
2.16332e-07
2.19896e-07
3.08147e-07
4.64148e-07
4.7729e-07
1.88547e-07
5.39163e-07
2.54304e-07
3.73372e-07
3.18668e-08
1.93551e-07
2.64259e-07
4.65062e-07
2.78846e-07
1.95067e-07
5.75665e-07
3.48296e-07
2.86349e-07
9.45901e-08
5.15181e-07
3.6996e-07
8.2955e-08
6.54585e-10
3.35668e-07
3.67805e-07
3.87195e-07
2.9213e-07
2.88557e-07
4.59e-07
4.51243e-07
7.21105e-07
4.81599e-07
3.97283e-07
1.39631e-07
1.46525e-07
1.49845e-07
4.04281e-07
1.34012e-07
2.79003e-07
3.75791e-07
2.96052e-07
4.48364e-07
3.26757e-07
2.08179e-07
5.389e-07
1.82537e-07
3.91619e-07
4.43473e-07
2.5822e-07
5.29846e-07
3.29767e-07
5.65456e-07
2.97242e-08
2.47122e-07
4.66898e-07
1.77034e-07
3.2416e-07
5.32739e-07
1.96607e-07
4.58458e-07
4.92549e-07
4.48882e-07
5.28013e-07
7.19062e-07
5.49884e-07
2.52912e-07
2.40301e-07
2.14227e-07
2.84442e-07
3.68003e-07
5.84412e-08
3.67392e-07
2.57879e-07
3.32738e-07
4.44662e-07
4.68511e-07
5.54848e-07
6.59466e-07
4.51137e-07
-5.14617e-08
3.81388e-07
6.09287e-07
2.75711e-07
2.4943e-07
2.66155e-07
1.74184e-07
4.19362e-07
5.70801e-07
4.32625e-07
5.21649e-07
2.59915e-07
1.70789e-07
4.22618e-07
3.74261e-07
7.66185e-08
2.8292e-07
3.32599e-07
3.75705e-07
4.67047e-07
2.21154e-07
4.09325e-07
3.91406e-07
4.68762e-07
4.01517e-07
-4.93454e-08
2.9752e-07
3.52584e-07
4.15886e-07
7.69958e-07
2.73038e-07
2.9341e-07
5.53319e-08
2.76514e-07
3.98278e-07
3.77986e-07
3.95576e-07
3.65945e-07
5.62577e-07
4.25656e-07
3.16452e-07
3.51029e-07
3.04248e-07
3.28592e-07
1.54133e-07
2.61004e-07
4.84272e-07
3.85559e-07
8.19637e-08
5.51325e-07
3.40619e-07
3.12044e-07
4.43945e-07
1.52463e-07
1.49635e-07
3.68316e-07
6.02042e-07
5.95875e-07
5.14124e-07
3.88826e-07
3.28738e-07
2.88272e-07
3.46699e-07
3.61457e-07
4.52794e-07
-7.26008e-08
2.2978e-07
4.61423e-07
4.50809e-07
3.22181e-07
2.31404e-07
4.09689e-07
5.85718e-07
3.2545e-07
2.22146e-07
4.1321e-07
2.04036e-07
1.5148e-07
2.93203e-07
3.29342e-07
4.94014e-07
4.36433e-07
1.2825e-07
2.97725e-07
2.83741e-07
3.42946e-07
1.42879e-07
3.19395e-07
3.0453e-07
5.30907e-07
1.9563e-07
4.72184e-07
4.91573e-07
4.592e-07
2.09318e-07
2.96237e-07
3.84637e-07
2.68314e-07
2.76475e-07
3.38068e-07
3.19967e-07
3.19354e-07
3.59352e-08
6.39237e-08
2.66481e-07
2.92098e-07
3.35293e-07
4.0903e-07
4.06092e-07
5.03216e-07
1.94373e-07
4.31895e-07
4.71485e-07
4.02476e-07
2.70536e-07
3.54955e-07
2.49022e-07
4.13911e-07
2.88111e-07
4.79558e-07
3.37965e-07
8.35835e-08
5.26569e-07
3.03285e-07
4.73763e-07
4.67107e-07
4.27313e-07
3.99426e-07
1.65423e-07
4.75651e-07
6.93455e-08
1.61286e-07
3.60164e-07
3.53905e-07
9.789e-08
4.26422e-07
3.44523e-07
2.05207e-07
4.07153e-07
3.63465e-07
3.55621e-07
2.83615e-07
6.2588e-07
4.93867e-07
4.35649e-07
2.54518e-07
5.04464e-07
2.48061e-07
3.64591e-07
4.61049e-07
7.3767e-08
2.37008e-07
2.65327e-07
2.76145e-07
4.91391e-07
6.39567e-08
2.14382e-07
4.12301e-07
4.51273e-08
2.93391e-07
3.89019e-07
5.39771e-07
2.96558e-07
4.46353e-07
5.06397e-07
2.14721e-07
5.86315e-07
1.73214e-07
3.18361e-07
2.84365e-07
3.49521e-07
4.00434e-07
2.35097e-07
5.96661e-07
3.90937e-07
1.66437e-07
3.66695e-07
4.12806e-07
4.65791e-07
3.60286e-07
5.03603e-07
2.38943e-07
3.84906e-07
2.01983e-07
1.41608e-07
3.64827e-07
4.63461e-07
6.05329e-07
4.93978e-07
5.1788e-07
3.28158e-07
3.4369e-07
1.54818e-07
-2.4823e-08
6.08477e-07
1.73072e-07
5.69432e-07
3.21963e-07
3.85731e-07
3.54431e-07
3.51681e-07
2.87315e-07
3.09741e-07
1.66592e-07
2.12854e-07
1.48642e-08
4.89004e-07
4.0776e-07
3.5656e-07
1.57252e-07
2.86222e-07
7.76504e-08
3.6415e-07
3.20117e-07
4.19886e-07
3.14258e-07
4.83483e-07
4.57593e-07
5.22313e-07
1.86749e-07
2.07995e-07
4.03891e-07
1.76622e-07
5.54643e-07
2.95447e-07
4.4812e-07
3.2869e-07
7.30164e-07
3.59164e-07
2.15488e-07
4.53085e-07
1.49749e-07
3.45716e-07
2.70948e-07
4.97806e-07
4.35784e-07
4.99631e-07
3.57055e-07
5.68826e-07
4.73551e-07
4.88679e-07
3.07334e-07
4.41784e-07
4.54341e-07
3.79589e-07
1.84174e-07
1.64149e-07
2.67496e-07
2.04416e-07
4.49147e-07
4.12201e-07
5.51258e-07
4.21694e-07
2.53577e-07
3.48127e-07
2.57702e-07
4.92706e-07
1.55559e-09
2.15502e-07
9.62883e-08
1.25948e-07
1.59873e-07
5.77805e-07
3.75917e-07
3.47506e-07
4.99157e-07
2.92423e-07
3.85829e-07
5.16127e-07
4.15245e-07
2.92133e-07
1.48918e-07
4.12878e-07
-2.0337e-08
3.89368e-07
3.07036e-07
1.71043e-07
5.90917e-07
3.05022e-07
2.45346e-07
1.88885e-07
1.79852e-07
1.92492e-07
3.60042e-07
-4.3481e-08
4.74062e-07
4.35833e-07
2.02793e-07
3.32407e-07
4.01362e-07
1.31645e-07
4.17233e-07
6.31206e-07
6.13615e-07
4.34922e-07
4.00809e-07
1.84255e-07
5.68092e-07
2.35006e-07
2.46836e-07
2.73991e-07
3.91279e-07
4.43961e-07
4.82502e-07
6.1674e-07
5.06647e-07
2.92746e-07
3.76415e-07
4.19106e-07
3.76283e-07
2.865e-07
1.85969e-07
4.68035e-07
2.53155e-07
2.06758e-07
5.14004e-08
3.57785e-07
2.9539e-07
3.48631e-07
4.00474e-07
2.76018e-07
3.56796e-07
1.01149e-07
2.34577e-08
1.60732e-07
2.96112e-07
5.42848e-07
2.56622e-07
6.1264e-08
2.06905e-07
2.18334e-07
3.91536e-07
2.97963e-07
5.15452e-07
2.20107e-07
2.84676e-07
2.11166e-07
2.80499e-07
2.84378e-07
8.98213e-08
3.18578e-07
3.86836e-07
3.25664e-07
4.74948e-07
3.63323e-07
3.9702e-07
4.68862e-07
3.23752e-07
2.44503e-07
4.73472e-07
4.26514e-07
4.80174e-07
2.22229e-07
3.41368e-07
1.28391e-07
3.23475e-07
3.50424e-07
3.37849e-07
4.97058e-07
3.32273e-07
2.69232e-07
1.02151e-07
3.64051e-09
3.89675e-07
5.62938e-07
3.22396e-07
3.32598e-07
4.0636e-07
3.54516e-07
4.88994e-07
4.39056e-07
1.28164e-08
3.50581e-07
3.18919e-07
5.60303e-07
5.1286e-07
6.36591e-07
3.68131e-07
2.07932e-07
3.49203e-07
2.35227e-07
3.08158e-07
5.59997e-07
5.49555e-07
4.63596e-07
4.33356e-07
-3.42967e-08
4.78902e-07
1.35174e-07
3.09091e-07
2.97697e-07
4.4164e-07
1.75754e-07
3.66526e-07
3.91682e-07
2.7348e-07
3.21442e-07
8.96133e-08
4.17314e-07
4.52763e-07
3.20233e-07
3.19065e-07
3.5866e-07
3.71718e-07
3.1615e-07
4.63487e-07
1.90534e-07
3.71331e-07
4.77503e-07
4.46124e-07
3.01714e-07
3.82905e-07
4.34546e-07
3.02451e-07
-1.31831e-08
4.46752e-07
2.11694e-07
3.05986e-07
5.64696e-07
4.75019e-07
4.13417e-07
2.72691e-07
2.6745e-07
3.15909e-07
3.38378e-07
4.18355e-07
5.76825e-07
2.65774e-07
3.45891e-07
2.82892e-07
3.35617e-07
1.70032e-07
3.32045e-07
2.39832e-07
5.34157e-07
3.66541e-07
4.43362e-07
2.67106e-07
3.414e-07
2.73486e-07
5.97117e-09
3.42458e-07
3.65493e-07
3.05788e-07
4.34342e-07
5.63043e-07
3.23902e-07
3.93325e-07
3.89812e-07
1.24882e-07
2.41347e-07
2.8668e-07
6.69449e-07
4.925e-07
3.45592e-07
3.71636e-07
3.56735e-07
4.70977e-07
-9.05468e-08
4.18904e-07
5.23088e-07
2.898e-07
5.80232e-07
6.60123e-07
6.27976e-07
1.6142e-07
4.21948e-07
4.16315e-07
4.30315e-07
3.484e-07
1.61665e-07
6.27572e-07
1.40778e-07
5.2726e-07
3.25774e-07
3.13555e-07
5.40608e-07
5.44879e-07
8.68755e-08
2.69149e-07
2.96689e-07
5.92851e-07
1.88759e-07
5.93427e-07
4.26416e-07
5.06303e-07
3.01866e-08
3.44918e-07
4.17148e-07
3.83722e-07
6.55558e-07
2.4023e-07
1.24246e-07
1.6016e-07
-1.8354e-08
3.13502e-07
5.02626e-07
4.06652e-07
2.68179e-07
3.34817e-07
2.23252e-07
4.93245e-07
1.12611e-07
6.59738e-07
2.22965e-07
3.40315e-08
4.91797e-07
-1.05078e-08
6.43782e-07
4.7664e-07
4.71551e-07
4.5309e-07
1.52193e-07
3.7269e-07
5.20192e-07
9.93539e-08
2.31839e-07
4.18117e-07
3.23993e-07
2.84693e-07
4.20808e-07
4.77727e-07
3.77345e-07
2.2252e-07
1.38493e-07
2.37072e-07
5.57322e-07
1.02593e-07
2.65615e-07
3.33242e-07
1.85153e-07
2.97473e-07
2.33661e-07
1.10154e-07
5.80101e-07
8.71945e-08
1.05403e-07
3.09663e-07
3.75858e-07
3.93602e-07
4.05688e-07
3.43505e-08
4.75652e-07
2.8984e-07
2.37888e-07
3.67904e-07
-1.21903e-08
1.89488e-07
6.54708e-07
4.70699e-09
2.74168e-07
2.81635e-07
3.28078e-07
8.85621e-07
2.58174e-07
5.31432e-07
2.18522e-07
2.48064e-07
3.74533e-07
7.3111e-08
4.38407e-07
4.07833e-07
3.05827e-07
2.66793e-07
2.01745e-07
2.18161e-07
3.99114e-07
3.02098e-07
9.16153e-08
2.77187e-07
5.13171e-07
4.60678e-07
1.7039e-07
4.20464e-07
3.56947e-07
5.84378e-07
3.95785e-07
4.0142e-07
4.4826e-07
4.19091e-07
3.76284e-07
5.21805e-08
4.44835e-07
2.35766e-07
1.31388e-07
3.99313e-07
4.03927e-07
1.07544e-07
5.43869e-07
2.67987e-07
4.21113e-07
1.39972e-07
7.15221e-07
1.04499e-07
6.43171e-07
4.49053e-07
2.79867e-07
7.70232e-07
4.3519e-07
2.61451e-07
3.88464e-07
2.86819e-07
7.39257e-07
6.42147e-07
3.47556e-07
4.80365e-08
6.78961e-07
4.27297e-07
1.90721e-07
5.19789e-07
2.74554e-07
2.4119e-07
1.74769e-07
5.04037e-07
1.84024e-07
3.90805e-07
7.03813e-10
2.42546e-07
4.38919e-07
4.87693e-07
-1.48248e-07
3.04931e-07
2.2087e-07
1.56747e-07
4.72401e-07
3.7455e-07
2.34142e-07
3.00441e-07
3.37447e-07
4.13878e-07
7.37532e-07
5.79964e-09
4.24509e-07
2.98736e-07
7.51539e-07
4.52686e-07
5.30555e-07
5.37493e-07
3.29067e-07
1.91818e-07
3.49866e-07
3.51961e-07
7.7309e-08
3.98922e-07
3.03774e-07
1.68069e-07
4.16912e-07
7.21764e-07
1.79873e-07
1.77468e-07
3.05836e-07
4.965e-07
6.35838e-07
5.2244e-07
5.69986e-07
3.5734e-07
7.02522e-07
2.52694e-07
4.67815e-07
4.29612e-07
2.71208e-07
3.24753e-07
1.72584e-07
3.90599e-07
1.3162e-07
2.80592e-07
3.83044e-07
3.32409e-07
-6.89718e-08
1.85065e-07
2.52109e-07
4.06553e-07
1.52518e-07
5.85557e-07
2.2859e-07
1.87944e-07
3.80653e-07
4.76442e-07
3.90562e-07
4.59811e-07
2.16887e-07
4.16205e-07
4.22724e-07
-3.54721e-07
4.73549e-07
4.13402e-07
5.36568e-07
2.12086e-07
4.92911e-07
2.09516e-07
3.00868e-07
1.8583e-07
2.46984e-07
1.75805e-07
1.97952e-07
5.13488e-07
4.75206e-07
2.85345e-07
4.90755e-07
5.30356e-07
4.27055e-07
3.7286e-07
3.84827e-07
4.21056e-07
4.61674e-07
2.79988e-07
4.66963e-07
8.03901e-08
6.17888e-07
3.7943e-07
3.52388e-07
2.3742e-07
3.82749e-07
2.75103e-07
3.77916e-07
3.62356e-07
4.85591e-07
5.069e-07
3.86245e-07
2.54374e-07
2.84487e-07
3.06117e-07
5.46132e-07
1.75576e-07
2.75782e-07
3.6849e-07
3.0609e-07
2.61535e-07
1.73585e-07
5.38222e-07
4.23239e-07
2.49557e-07
3.57106e-07
2.2238e-07
6.32055e-07
1.1001e-07
3.4789e-07
5.14457e-07
4.07583e-07
3.68422e-07
2.30929e-07
2.61241e-07
1.14165e-08
5.12788e-07
2.51834e-07
1.25458e-07
2.54e-07
1.17538e-07
4.94026e-07
3.82519e-07
6.89149e-07
3.56851e-07
8.07025e-07
3.21891e-07
3.8955e-07
5.79244e-07
-1.38731e-08
4.37793e-07
3.88316e-07
5.43969e-07
4.70403e-07
5.02072e-07
4.68594e-07
3.92078e-07
4.28408e-07
2.49004e-07
5.17171e-07
1.8839e-07
2.40885e-07
8.37407e-07
1.17104e-07
4.58901e-07
2.19867e-07
3.43025e-07
6.51942e-07
-1.36337e-07
5.64458e-07
5.95764e-08
3.08108e-07
1.45364e-07
4.1811e-07
5.12418e-07
2.33343e-07
4.56361e-07
5.35205e-07
1.00855e-07
3.77454e-07
4.19687e-07
5.9261e-07
3.19375e-07
4.20526e-07
5.16563e-07
5.48517e-07
3.10959e-07
2.74901e-07
5.45486e-07
4.83941e-07
3.44909e-07
2.6166e-07
3.07884e-07
2.74155e-07
3.37943e-07
4.61879e-07
4.39457e-07
2.65925e-07
3.76575e-07
4.01638e-07
2.98016e-07
1.62454e-07
6.57898e-07
3.06406e-07
4.53191e-07
1.66943e-07
3.27165e-07
4.20068e-07
1.41411e-07
4.25002e-07
1.00942e-07
2.4942e-07
1.67783e-07
4.28998e-07
2.58915e-07
2.91259e-07
7.08562e-07
4.24097e-07
3.06841e-07
5.01123e-07
2.0966e-07
4.49166e-07
3.11583e-07
5.0082e-07
2.26957e-07
3.69227e-07
5.73772e-07
1.74969e-07
3.64821e-07
2.82019e-07
2.49549e-07
5.79123e-08
4.951e-07
6.43169e-08
2.95284e-07
4.46328e-07
5.63461e-07
7.46907e-07
5.39694e-08
2.38163e-07
5.47913e-07
3.64282e-07
3.10613e-07
6.64356e-07
5.14848e-07
4.49389e-07
1.2826e-07
3.54308e-07
9.92789e-08
5.30202e-07
2.7437e-07
2.93987e-07
4.25637e-07
2.8268e-07
3.244e-07
4.27253e-07
3.20902e-07
7.58255e-07
6.1372e-07
3.57135e-07
3.63085e-07
3.78404e-07
4.4474e-07
2.21958e-07
5.1609e-07
3.32265e-07
8.93136e-08
4.08578e-07
6.80392e-07
2.63991e-07
4.03137e-07
2.19532e-07
2.47589e-07
2.60535e-07
3.56237e-07
4.45868e-07
4.64896e-07
1.93185e-07
3.28194e-07
3.56618e-08
3.0049e-07
5.21653e-07
3.12634e-07
2.07442e-07
1.8979e-07
4.3193e-07
2.48314e-07
3.22707e-07
6.18386e-07
3.29935e-07
6.14638e-07
1.1142e-07
1.1531e-07
2.04581e-07
3.83994e-07
5.37627e-07
1.8855e-07
8.28637e-07
2.52284e-07
4.00186e-07
4.55685e-07
4.45047e-07
2.58443e-07
2.62156e-07
4.74775e-07
4.65829e-07
6.23967e-07
2.21203e-07
2.86952e-07
2.92764e-07
2.43881e-07
3.91052e-07
3.09518e-07
3.52792e-07
2.57623e-07
4.0384e-07
1.4016e-07
1.91376e-07
4.27375e-07
2.13905e-07
3.23501e-07
8.53622e-08
4.89374e-07
5.49181e-07
4.93438e-07
1.87064e-07
3.21108e-07
5.15056e-07
4.52012e-07
3.52211e-07
1.90655e-07
4.27127e-07
5.62915e-07
5.35175e-07
5.24973e-07
4.7012e-07
2.01818e-07
7.31261e-07
1.9617e-07
3.48746e-07
4.02323e-07
5.57684e-07
4.69834e-07
5.11802e-07
2.41557e-07
4.12329e-07
4.06728e-07
2.0435e-07
5.84372e-07
-5.05503e-08
-3.96578e-08
5.41185e-07
5.22143e-07
3.94836e-07
3.13744e-07
1.06754e-07
1.98891e-07
4.07505e-07
3.23881e-07
4.04743e-07
1.71703e-07
3.41522e-07
3.26388e-07
4.03658e-07
2.14747e-07
2.64561e-07
2.60962e-07
3.60389e-07
4.90078e-07
2.51633e-07
1.80679e-07
3.16482e-07
-9.5952e-08
7.40478e-07
4.72242e-07
1.8302e-07
3.71391e-07
4.87072e-07
3.4215e-07
2.65727e-07
3.80634e-07
3.95176e-07
1.15444e-07
5.09885e-07
6.30197e-07
3.16484e-07
3.31041e-07
6.23729e-07
2.68785e-07
2.50652e-07
3.57621e-07
5.9665e-07
3.8291e-07
4.21564e-07
2.9306e-07
2.43559e-07
4.71539e-07
4.36325e-07
1.88876e-07
4.30926e-07
3.33576e-07
1.40562e-07
3.64326e-07
4.7085e-07
2.05068e-07
5.18644e-07
2.65838e-07
3.40289e-07
5.37767e-07
2.68625e-07
2.91672e-07
3.27205e-07
1.49321e-07
4.02995e-07
5.32628e-07
3.27192e-07
1.64528e-07
4.05142e-07
4.07731e-07
3.48338e-07
2.93986e-07
3.6604e-07
5.1164e-07
5.91756e-07
1.48332e-07
6.5218e-07
3.26407e-07
3.95351e-07
3.1444e-07
3.52503e-08
6.03331e-07
2.40965e-07
2.41238e-07
4.48115e-07
3.04986e-07
5.46252e-07
-4.43462e-08
2.41396e-07
1.20226e-07
4.76515e-07
8.20964e-08
2.19234e-07
3.42271e-07
2.05697e-07
4.12409e-07
1.60886e-08
3.42668e-07
2.46749e-07
6.0786e-07
1.43206e-07
4.18969e-07
4.31878e-08
4.29378e-07
1.88572e-07
3.61287e-07
5.05281e-07
8.52227e-08
5.45811e-07
2.47947e-07
1.80217e-07
2.11743e-07
2.5379e-07
1.99356e-07
3.16574e-07
3.48763e-07
3.45116e-07
9.7436e-08
1.36029e-07
2.62289e-07
4.85501e-07
1.98133e-08
6.45242e-07
-1.42419e-07
1.30447e-07
4.63727e-07
3.52926e-07
3.99081e-07
4.12783e-07
3.62355e-07
5.81022e-07
3.36207e-07
7.59368e-07
1.98772e-07
4.08319e-07
1.70653e-07
4.08644e-07
2.05382e-07
3.41421e-07
2.66114e-07
6.76269e-07
2.52106e-07
3.78594e-07
4.1225e-07
3.51308e-07
6.16618e-07
2.71469e-07
2.74697e-07
6.55985e-07
7.59861e-07
3.84114e-07
2.90706e-07
3.60398e-07
3.53271e-07
2.8699e-07
3.68516e-07
1.54146e-07
3.58177e-07
5.49378e-07
2.70074e-07
2.83483e-07
4.29109e-07
6.24092e-07
4.7591e-07
2.68001e-07
3.14732e-08
1.66774e-07
2.46472e-07
2.27604e-07
3.18929e-07
2.70989e-07
4.29618e-07
2.43024e-07
4.94865e-07
4.14837e-07
6.14631e-07
3.68775e-07
4.90212e-07
2.66479e-07
1.93222e-07
2.97702e-07
3.4673e-07
4.59808e-07
3.4139e-07
3.43183e-07
2.35462e-07
5.12726e-07
2.3474e-07
1.96599e-07
4.9596e-07
3.32127e-07
2.89557e-07
3.2347e-07
3.81452e-07
3.08411e-07
1.9098e-08
6.04031e-07
5.66148e-07
6.01963e-07
2.47557e-07
4.02614e-07
4.95673e-07
3.38712e-07
2.92731e-07
5.75749e-07
3.2604e-07
4.40764e-07
2.95377e-07
4.54312e-07
3.10726e-07
4.91239e-07
3.1419e-07
3.2075e-07
2.40823e-07
3.57292e-08
5.85977e-07
3.98346e-07
6.75359e-07
3.41382e-07
1.89478e-07
3.22853e-07
1.25837e-07
1.8678e-07
6.30874e-07
7.30892e-07
1.94942e-07
2.53605e-07
4.07481e-07
4.55842e-07
3.77678e-07
4.01129e-07
5.53279e-07
2.6945e-07
2.84782e-07
4.36384e-07
4.00485e-07
2.82766e-07
1.16141e-07
3.20281e-07
3.35032e-07
5.0604e-07
3.32497e-07
3.09932e-07
2.222e-07
4.76735e-07
4.94963e-07
5.20748e-07
4.7222e-07
4.11739e-07
5.6611e-07
2.292e-07
2.63208e-07
2.29874e-07
4.51094e-07
1.82088e-07
5.13867e-07
1.07205e-07
2.10601e-07
5.88255e-07
5.86103e-07
2.31443e-07
3.96901e-07
2.10246e-07
5.65043e-07
4.96657e-07
4.70726e-07
6.12035e-07
2.92219e-07
4.53063e-07
5.12517e-07
3.0553e-07
3.0258e-07
6.41325e-07
5.74759e-07
2.65566e-07
-1.67249e-07
5.52216e-07
2.18177e-07
4.6596e-07
5.71636e-07
2.82339e-07
6.01611e-07
2.44282e-07
4.93175e-07
2.05356e-07
4.17226e-07
5.99285e-07
3.62414e-07
4.782e-07
3.69981e-07
4.62482e-07
-5.57771e-08
2.47436e-07
2.54383e-07
2.62552e-07
4.57771e-07
4.89574e-07
2.90813e-07
3.87718e-07
3.13665e-07
4.74863e-07
3.62508e-07
2.92235e-07
3.37174e-07
3.63578e-07
3.36121e-07
4.64254e-07
3.50644e-07
5.62018e-07
1.23022e-07
4.51105e-07
3.10913e-07
3.36469e-07
2.86751e-07
2.87653e-07
3.79798e-07
3.83985e-07
3.41302e-07
1.73498e-07
2.98761e-07
4.72827e-07
3.73836e-07
3.69851e-07
4.97861e-07
4.911e-07
3.90805e-07
5.25475e-07
2.10077e-07
6.98891e-07
3.97363e-07
4.00967e-07
1.77855e-07
1.44592e-07
2.42107e-07
4.83042e-07
6.3364e-07
3.95185e-07
5.10191e-07
4.05026e-07
1.56094e-07
4.4128e-07
4.35091e-07
1.08214e-07
4.39e-07
1.42286e-07
5.8518e-07
2.43479e-07
5.79861e-07
2.60254e-07
3.4059e-07
3.68013e-07
2.84422e-07
3.35063e-07
5.95835e-07
4.78607e-07
5.98781e-07
2.59452e-07
5.14785e-07
2.50972e-07
1.48048e-07
2.9295e-07
5.16586e-07
9.62122e-08
3.41213e-07
1.67646e-07
2.2901e-07
3.50966e-07
7.20843e-08
4.0626e-07
1.15234e-07
3.15625e-07
3.59156e-07
3.73895e-07
4.34705e-07
5.5967e-07
3.0124e-07
6.01287e-07
3.73723e-07
1.5943e-07
1.86079e-07
5.13279e-07
3.92707e-07
4.66043e-07
6.26199e-08
5.59933e-07
3.53805e-07
3.92916e-07
3.25307e-07
2.42123e-07
5.01538e-07
2.59832e-07
1.74858e-07
2.91811e-07
5.63077e-08
6.3592e-07
2.24354e-07
4.04914e-07
2.65126e-07
2.1194e-07
3.97532e-07
3.55673e-07
3.37869e-07
3.0139e-07
4.72194e-07
2.22933e-07
2.62938e-07
1.00651e-07
1.34587e-07
3.22105e-07
4.0386e-07
4.2209e-07
4.15009e-07
6.06784e-08
3.76275e-07
8.91786e-08
2.53506e-07
3.0477e-07
2.78376e-07
2.52446e-07
4.28702e-07
3.88275e-07
3.70347e-07
4.6852e-07
5.04338e-07
1.38814e-07
3.40044e-07
4.27595e-07
2.42531e-07
3.30027e-07
1.22824e-07
2.72172e-07
1.11735e-07
5.67855e-07
3.96664e-07
-3.42232e-08
3.69091e-07
4.94156e-07
6.49343e-07
3.93777e-07
3.5893e-07
5.29277e-07
4.77275e-07
3.34821e-07
4.04925e-07
2.71118e-07
3.62546e-07
1.38993e-07
-8.26392e-08
1.99716e-07
6.49225e-07
2.3134e-07
4.00396e-07
2.46643e-07
2.83636e-07
1.64164e-07
2.20915e-07
3.11758e-07
2.93406e-07
6.40318e-08
9.6316e-08
-4.42943e-08
3.86995e-07
4.88603e-07
4.42942e-07
3.51912e-07
6.64465e-08
3.30384e-07
4.55619e-07
4.35305e-07
5.19606e-07
1.81787e-07
7.68689e-07
5.9459e-07
2.5673e-07
3.88951e-07
3.73618e-07
6.71698e-07
2.75263e-07
2.35107e-07
1.10198e-07
5.85299e-07
4.68714e-07
6.51347e-07
1.47499e-07
6.58369e-08
3.99207e-07
3.11466e-07
2.77165e-07
3.78404e-07
1.91986e-07
7.01903e-07
3.64738e-07
3.44719e-07
6.55226e-07
2.5006e-07
2.55381e-07
1.20779e-07
3.85531e-07
5.12743e-07
3.35209e-07
2.08913e-07
3.43006e-07
4.9122e-07
5.63074e-07
7.5512e-08
3.59811e-07
9.83537e-08
2.21312e-07
3.80491e-07
-1.05309e-08
3.29732e-07
4.7418e-07
5.2052e-07
1.53757e-07
4.66021e-07
4.36683e-07
1.31154e-07
5.22476e-07
4.95442e-07
3.10352e-07
5.03505e-07
5.4803e-07
3.34305e-07
3.7456e-07
3.9682e-07
1.57286e-07
3.11528e-07
7.05945e-07
4.41842e-07
6.54745e-07
1.8626e-07
2.41868e-07
2.74865e-07
6.3781e-07
4.10112e-07
4.88302e-07
3.08952e-07
1.92337e-07
3.49027e-07
4.15544e-07
7.42451e-07
3.34753e-07
3.27223e-07
5.24456e-07
2.54868e-07
2.16504e-07
4.11488e-07
4.53768e-07
2.68425e-07
4.46296e-07
1.65643e-08
4.67322e-07
1.53563e-07
4.08086e-07
7.80002e-08
2.38617e-07
3.80294e-07
4.33294e-07
2.96954e-08
3.62578e-07
2.39436e-07
2.59104e-07
3.49027e-07
4.00789e-07
4.25199e-07
3.46465e-07
5.66042e-09
2.33687e-07
1.45158e-07
3.56369e-07
1.10594e-07
3.70795e-07
3.98176e-07
1.10352e-07
2.0539e-07
3.22309e-07
1.426e-07
6.43725e-07
3.70722e-08
5.08872e-07
2.49022e-07
1.11634e-07
-3.30925e-08
1.4287e-07
3.07277e-07
2.25082e-07
2.13466e-07
1.66188e-07
8.05406e-08
5.19972e-07
6.05461e-07
4.8526e-07
6.38721e-07
3.49504e-07
4.80667e-07
2.62939e-07
2.43953e-07
2.71216e-07
4.01834e-07
2.97391e-07
-4.67976e-08
1.61572e-07
4.08419e-07
1.94959e-07
4.11529e-07
3.04047e-07
1.8926e-07
3.68018e-07
2.37175e-07
1.13782e-07
6.97529e-07
7.39463e-07
2.69902e-07
6.58035e-07
1.91828e-07
8.66807e-08
1.69113e-07
5.36778e-07
4.98704e-07
7.47844e-07
2.91477e-07
1.47216e-08
1.94432e-07
5.61309e-07
4.21851e-07
4.11812e-08
3.5817e-07
1.97178e-07
4.83588e-07
4.23772e-07
5.10439e-07
4.69976e-07
3.43364e-07
1.9503e-07
3.61694e-07
6.35765e-08
3.72267e-07
4.98472e-07
4.36504e-07
4.70179e-07
4.27427e-07
5.07495e-07
3.91845e-07
4.60419e-07
2.53248e-07
3.2221e-07
3.43547e-07
2.25883e-07
4.33959e-07
7.00801e-08
4.07491e-07
7.69062e-08
3.18595e-07
-1.32524e-07
2.60194e-07
3.05612e-07
3.80051e-07
2.38057e-07
2.08568e-07
-8.44542e-08
4.74832e-07
3.10979e-07
3.60525e-07
-1.24974e-08
3.50439e-07
1.59091e-07
2.6839e-07
4.62787e-07
3.47493e-07
3.38614e-07
3.28654e-07
3.4819e-07
3.81608e-07
3.37455e-07
1.79201e-07
4.87909e-07
1.5154e-07
3.88031e-07
1.80482e-07
1.55958e-07
6.34013e-07
3.50533e-07
6.09472e-07
3.33384e-07
3.97817e-07
3.81333e-07
2.34741e-07
2.96439e-07
3.28222e-07
5.66565e-07
4.05657e-07
1.29886e-07
3.68275e-07
5.41741e-07
2.99993e-07
3.80572e-07
1.7366e-07
3.63676e-07
3.68005e-07
4.79382e-07
5.6063e-07
6.08945e-07
2.57573e-07
6.21998e-07
1.24241e-07
9.3967e-08
3.79786e-07
3.08496e-07
4.81307e-07
1.57511e-07
5.21486e-07
4.64376e-07
6.80304e-07
3.24713e-07
2.82625e-07
2.09457e-07
4.99184e-07
2.62184e-07
7.67359e-07
4.89281e-07
1.78644e-07
3.79265e-07
5.31404e-07
3.48854e-07
4.35866e-07
3.2975e-07
4.57666e-07
4.18632e-07
2.2549e-07
6.86599e-07
3.91432e-07
2.45095e-07
7.8963e-08
2.85512e-07
2.243e-07
4.09292e-07
1.96289e-08
3.90968e-07
2.64577e-07
4.79698e-07
2.31301e-07
3.34939e-07
3.00574e-07
1.81984e-07
3.13429e-07
4.08364e-07
4.17812e-07
4.6534e-07
3.95922e-07
5.01456e-07
4.91767e-07
6.68114e-07
4.31842e-07
2.18986e-07
4.72256e-07
3.11891e-07
4.87908e-07
5.16126e-07
3.02077e-07
5.23917e-07
3.3596e-07
2.04774e-07
6.00204e-07
2.08723e-07
4.03133e-07
2.10194e-07
2.09885e-07
1.66894e-07
4.99542e-07
2.61865e-07
1.42324e-07
3.22277e-07
4.76676e-07
2.30438e-07
5.25212e-07
3.99597e-07
4.67481e-07
5.51536e-07
3.01824e-07
4.34296e-07
