9.91815e-07
3.10006e-07
1.36397e-06
1.54244e-06
2.01919e-06
7.55288e-07
9.28468e-07
1.24689e-06
9.73472e-07
2.99873e-06
8.25827e-07
1.12555e-06
1.3276e-06
1.23213e-06
5.52936e-07
6.91248e-07
4.94692e-07
7.31712e-07
1.08305e-06
8.27763e-07
6.72246e-07
1.74501e-07
6.91124e-07
1.01942e-06
7.94552e-07
1.24683e-06
1.06226e-06
1.43853e-06
7.40085e-07
1.16162e-06
1.02425e-06
1.26219e-06
9.19187e-07
4.20704e-07
1.61389e-06
8.46808e-07
9.72179e-07
7.21226e-07
5.98982e-07
6.43414e-07
1.09916e-06
4.16267e-07
1.27363e-06
2.02632e-06
1.01938e-06
8.87381e-07
7.38266e-07
9.1402e-07
2.27966e-06
1.55976e-06
1.01894e-06
7.40216e-07
1.61626e-06
8.13196e-07
1.126e-06
8.82413e-07
4.88329e-07
1.37191e-06
1.33501e-06
5.4376e-07
6.14168e-07
3.70796e-07
6.46175e-07
7.95059e-07
9.5664e-07
8.52072e-07
7.36221e-07
9.97376e-07
4.5907e-07
1.27681e-06
2.23209e-07
1.63042e-06
1.93449e-06
7.62443e-07
8.53116e-07
3.30057e-07
7.0037e-07
4.26871e-07
1.21627e-06
1.10208e-06
1.7493e-06
1.23424e-06
6.76472e-07
6.6225e-08
6.40271e-07
4.66769e-07
5.32477e-07
6.64022e-07
9.67838e-07
9.9624e-07
7.54162e-07
1.27865e-06
8.10237e-07
5.19007e-07
8.96078e-07
1.07316e-06
9.7877e-08
7.26494e-07
1.1596e-06
1.10011e-06
1.19761e-06
1.03573e-06
1.30878e-06
7.48947e-07
2.37312e-06
7.13873e-07
1.0225e-06
1.37551e-06
7.35899e-07
1.50181e-06
9.59532e-07
7.53251e-07
1.10318e-06
8.36414e-07
1.03557e-06
8.41326e-07
9.50724e-07
1.52315e-06
4.20083e-07
1.12494e-06
7.69791e-07
1.17173e-06
2.73122e-06
7.69245e-07
3.75151e-07
6.16654e-07
8.07998e-07
3.46385e-07
8.4809e-07
1.02837e-06
1.1774e-06
7.57417e-07
4.60764e-07
2.23995e-06
1.44142e-06
7.48399e-07
4.01332e-07
8.37857e-07
5.26163e-07
9.82603e-07
1.09855e-06
1.34909e-06
8.72687e-07
1.02784e-06
9.5394e-07
6.30353e-07
7.19611e-07
1.22098e-06
6.50973e-07
1.33855e-06
1.24281e-06
6.81062e-07
8.12565e-07
1.76709e-07
4.89132e-07
8.31292e-07
3.18552e-07
1.16601e-06
8.04119e-07
1.02172e-06
8.99966e-07
6.16064e-07
8.0447e-07
1.10871e-06
5.12999e-07
3.50932e-07
7.00911e-07
9.83756e-07
9.2172e-07
1.41364e-06
6.30674e-07
7.71398e-07
1.14891e-06
1.39115e-06
8.10443e-07
8.81763e-07
7.2618e-07
4.71572e-07
1.38418e-06
1.24131e-06
9.91535e-07
1.08657e-06
5.22021e-07
7.17527e-07
9.96029e-07
1.09064e-06
4.39567e-07
7.91026e-07
5.41358e-07
9.28442e-07
6.38912e-07
1.17976e-06
8.5253e-07
9.8601e-07
7.9494e-07
1.09476e-06
7.84542e-07
5.92206e-07
6.88711e-07
7.12195e-07
5.9276e-07
6.23608e-07
6.74094e-07
1.04748e-06
4.45128e-07
1.11339e-06
9.47048e-07
9.0774e-07
1.04727e-06
7.0304e-07
1.5131e-06
1.08741e-06
8.54308e-07
3.16519e-07
8.88667e-07
9.0321e-07
4.91528e-07
4.02272e-07
6.7415e-07
1.14819e-06
4.96646e-07
6.03285e-07
5.01458e-07
7.50698e-07
9.94545e-07
1.06093e-06
7.26917e-07
1.52002e-06
8.4946e-07
7.69242e-07
9.94569e-07
2.04807e-07
6.85112e-07
1.03375e-06
1.27046e-06
1.06741e-06
1.17432e-06
1.1839e-06
1.86644e-06
1.1339e-06
8.81923e-07
5.10913e-07
1.84414e-06
8.73676e-07
1.13204e-06
9.10685e-07
6.57083e-07
2.34702e-07
8.37888e-07
8.40015e-07
1.05394e-06
8.78597e-07
6.55057e-07
1.17817e-06
1.04185e-06
1.15369e-06
8.2922e-07
1.10642e-06
9.02136e-07
1.00099e-06
7.75322e-07
8.07161e-07
9.90115e-07
4.31451e-07
8.7221e-07
3.66395e-07
7.49614e-07
9.01362e-07
4.1879e-07
6.77091e-07
1.00283e-06
1.28879e-06
1.26895e-06
4.90783e-07
8.64337e-07
1.04569e-06
1.08825e-06
7.60852e-07
1.4365e-06
1.58712e-07
1.23002e-06
9.16275e-07
8.99954e-07
1.4594e-06
9.48498e-07
1.0765e-06
5.55857e-07
1.09212e-06
1.17657e-06
8.44138e-07
1.01227e-06
2.77456e-06
1.24291e-06
7.87453e-07
8.09099e-07
2.34932e-06
7.55942e-07
8.87009e-07
5.04961e-07
7.59604e-07
1.01134e-06
6.40606e-07
9.05213e-07
1.14113e-06
4.28505e-07
1.076e-06
6.76309e-07
8.87803e-07
3.94428e-07
6.06962e-07
6.81548e-07
1.35258e-06
4.63982e-07
1.06117e-06
1.2764e-06
5.29264e-07
1.11236e-06
2.4187e-07
8.71872e-07
1.67637e-06
9.96067e-07
9.68028e-07
8.33729e-07
5.38012e-07
9.7321e-07
9.25533e-07
1.13616e-06
6.50954e-07
8.48176e-07
7.04584e-07
4.72949e-07
2.65525e-07
4.92188e-07
1.29631e-06
3.92747e-07
1.06551e-06
1.05654e-06
1.1033e-06
6.30246e-07
9.35775e-07
5.39662e-07
9.0616e-07
9.56383e-07
7.07484e-07
8.7691e-07
1.02273e-06
6.58142e-07
8.44032e-07
6.04843e-07
1.67051e-06
8.70847e-07
1.33314e-06
6.85728e-07
9.94116e-07
7.82572e-07
8.37809e-07
9.29124e-07
1.24701e-06
1.33908e-06
7.61741e-07
4.89619e-07
4.65139e-07
1.13328e-06
8.66792e-07
1.05929e-06
6.06501e-07
6.19864e-07
7.36102e-07
5.84481e-07
7.47161e-07
6.30683e-07
5.41669e-07
9.68363e-07
4.96732e-07
1.35581e-07
5.82414e-07
5.5905e-07
1.25815e-06
1.21373e-06
7.16552e-07
5.66188e-07
9.61883e-07
1.35574e-06
8.9952e-07
6.429e-07
8.557e-07
9.32635e-07
8.3407e-07
1.2445e-06
2.35451e-06
9.63217e-07
1.05356e-06
8.34164e-07
8.34765e-07
1.29037e-06
3.61516e-07
1.75877e-07
7.91993e-07
4.27273e-07
7.56956e-07
6.09488e-07
9.86118e-07
1.22625e-06
7.73913e-07
4.55602e-07
2.73989e-07
6.54424e-07
3.28676e-07
7.41129e-07
6.23103e-07
6.79758e-07
2.62718e-07
1.84782e-06
5.47841e-07
1.15424e-06
9.08577e-07
9.81516e-07
1.73171e-06
8.54807e-07
1.90349e-06
4.91382e-07
5.03301e-07
6.72746e-07
6.68592e-07
8.29555e-07
7.86559e-07
8.85548e-07
1.14116e-06
7.13876e-07
1.18367e-06
1.0908e-06
7.17124e-07
9.08018e-07
7.09783e-07
1.67397e-07
9.31925e-07
7.36688e-07
1.21927e-06
1.21364e-06
1.11088e-06
8.52915e-07
1.17504e-06
3.6352e-07
1.32296e-06
3.97582e-07
2.72055e-06
6.72132e-07
1.16136e-06
9.41298e-07
1.32285e-06
1.20481e-06
4.92914e-07
7.10783e-07
1.07241e-06
6.1152e-07
1.24855e-06
9.99329e-07
1.0762e-06
1.19985e-06
1.14775e-06
7.23042e-07
9.96175e-07
7.04991e-07
9.53895e-07
5.46683e-07
1.45808e-06
1.88392e-06
6.97753e-07
5.12108e-07
8.14415e-07
1.03304e-06
3.95164e-07
1.04082e-06
1.04995e-06
9.12421e-07
1.34928e-06
2.00446e-06
4.13153e-07
1.47162e-06
9.84328e-07
1.58331e-06
8.65436e-07
6.5487e-07
7.94719e-07
8.87293e-07
1.26135e-06
1.07805e-06
1.28616e-06
9.22203e-07
4.3892e-07
1.30014e-06
1.20224e-06
4.36569e-07
5.21916e-07
7.13803e-07
5.09911e-07
1.07244e-06
6.8069e-07
7.15215e-07
1.12971e-06
6.34444e-07
6.22998e-07
8.05356e-07
1.22753e-06
5.8444e-07
4.04963e-07
1.049e-06
9.57488e-07
5.69718e-07
2.55545e-06
4.84685e-07
8.90662e-07
9.69669e-07
1.00136e-06
7.05004e-07
8.6206e-07
1.38895e-06
8.27251e-07
7.22071e-07
1.19661e-06
6.47469e-07
4.86511e-07
6.38706e-07
1.63496e-06
1.26717e-06
1.36192e-06
5.94111e-07
1.6997e-06
1.77504e-06
4.79305e-07
1.19142e-06
1.14841e-06
8.23359e-07
1.17399e-06
1.9701e-06
1.51147e-06
9.1585e-08
1.10507e-06
1.36229e-06
2.284e-07
1.39648e-07
8.28919e-07
8.00029e-07
5.64305e-07
9.55234e-07
1.64323e-06
3.98035e-07
1.04443e-06
7.2532e-07
5.25844e-07
1.27933e-06
1.24363e-06
8.61935e-07
5.56395e-07
7.6355e-07
7.92978e-07
1.14331e-06
8.60236e-07
1.35305e-06
6.31032e-07
6.08067e-07
5.40777e-07
1.37839e-06
3.68334e-07
6.11719e-07
1.06502e-06
1.28168e-06
1.1186e-06
1.06066e-06
9.50694e-07
6.9862e-07
7.55971e-07
1.69306e-06
1.01893e-06
8.42814e-07
5.42023e-07
8.06332e-07
1.27123e-06
1.28429e-06
1.01558e-06
8.53426e-07
5.44947e-07
1.20883e-06
6.49577e-07
1.63685e-06
1.05611e-06
1.02108e-06
8.89209e-07
7.03588e-07
1.09885e-06
2.62417e-06
1.43731e-06
8.04224e-07
9.07991e-07
8.19625e-07
3.33144e-07
6.95273e-07
1.23985e-06
1.0278e-06
7.64773e-07
3.51621e-07
1.21556e-06
9.21741e-07
1.06111e-06
6.04572e-07
8.14402e-07
1.03719e-06
9.6464e-07
5.22075e-07
1.82429e-06
6.78756e-07
5.17922e-07
1.08932e-06
1.4748e-06
4.28957e-07
7.94732e-07
8.31373e-07
1.31494e-06
3.185e-07
1.18985e-06
4.935e-07
1.21833e-06
1.97582e-07
4.58846e-07
7.22776e-07
5.39543e-07
9.24678e-07
8.8966e-07
7.29513e-07
6.46482e-07
9.73815e-07
1.35896e-06
8.61813e-08
1.05704e-06
8.90112e-07
6.91732e-07
1.07482e-06
1.53198e-06
9.74687e-07
7.4255e-07
6.58564e-07
8.44989e-07
3.26505e-07
1.04696e-06
1.09149e-06
2.2088e-07
5.30275e-07
2.37959e-06
1.33224e-06
7.90832e-07
8.27111e-07
8.07616e-07
7.24425e-07
5.54386e-07
1.04864e-06
7.99722e-07
6.64549e-07
1.04126e-06
8.48146e-07
7.41299e-07
2.56503e-07
8.05214e-07
2.52934e-07
7.03261e-07
1.06201e-06
1.08111e-06
7.2845e-07
7.65707e-07
9.89e-07
1.34151e-06
2.31305e-07
8.67046e-07
1.23764e-06
1.4094e-06
1.16232e-06
6.8659e-07
3.26231e-07
7.8969e-07
1.18303e-06
1.14011e-06
1.09109e-06
1.14069e-06
1.0181e-06
1.097e-06
5.46278e-07
1.55464e-06
1.13196e-06
6.20403e-07
8.33884e-07
5.76564e-07
7.31587e-07
5.11521e-07
4.90969e-07
1.27786e-06
7.32253e-07
1.11969e-06
9.61523e-07
7.11854e-07
9.34654e-07
3.06727e-07
9.75747e-07
1.17656e-06
7.00401e-07
7.34105e-07
7.15701e-07
1.12881e-06
8.04921e-07
9.08804e-07
5.65083e-07
9.0534e-07
4.66744e-07
1.00479e-06
6.07787e-07
8.14483e-07
1.22155e-06
3.11037e-07
5.87711e-07
1.04177e-06
1.60777e-06
1.76654e-07
8.69892e-07
4.37489e-07
1.06093e-06
8.6917e-07
1.17055e-06
1.46856e-06
6.91675e-07
1.55441e-07
1.54003e-06
2.37472e-06
7.54571e-07
1.35243e-06
1.09234e-06
1.1883e-06
4.16521e-07
3.91871e-07
5.60394e-07
8.63002e-07
2.01717e-06
3.32275e-07
9.25399e-07
1.15211e-06
3.75101e-07
9.54834e-07
2.22364e-06
4.3903e-07
1.09551e-06
8.79588e-07
4.74736e-07
7.04343e-07
9.15145e-07
1.27701e-06
5.17094e-07
8.24505e-07
1.29814e-06
8.83446e-07
1.11937e-06
7.74753e-07
1.30105e-06
7.98964e-07
8.5755e-07
5.57283e-07
9.54058e-07
1.16057e-06
1.85537e-06
1.17696e-06
1.12363e-07
8.47358e-07
1.22648e-06
1.13305e-06
1.30377e-06
4.92393e-07
5.64722e-07
8.80105e-07
5.00852e-07
1.22191e-06
1.15426e-06
1.1392e-06
7.97147e-07
9.61581e-07
1.83761e-06
1.1286e-06
5.05963e-07
8.38315e-07
1.15906e-06
3.83811e-07
5.05793e-07
7.03509e-07
3.76451e-07
3.63224e-07
6.92472e-07
7.84032e-07
1.43099e-06
4.68548e-07
2.77254e-06
1.28539e-06
8.88382e-07
9.48124e-07
1.22935e-06
9.44517e-07
9.89045e-07
1.05678e-06
1.18236e-06
3.85988e-07
1.21954e-06
5.34949e-07
9.53686e-07
1.11e-06
6.23335e-07
9.18388e-07
7.69729e-08
7.62404e-07
6.42043e-07
4.79042e-07
3.77123e-07
9.58504e-07
6.73864e-07
7.94806e-07
1.21042e-06
9.99197e-07
5.90061e-07
7.40114e-07
5.18643e-07
7.52845e-07
9.98212e-07
9.83884e-07
8.18679e-07
1.11447e-06
1.02113e-06
8.99977e-07
1.88069e-07
2.05285e-06
1.16845e-06
1.03495e-06
8.96996e-07
8.98266e-07
6.70683e-07
6.9041e-07
1.23586e-06
9.98264e-07
1.35469e-06
1.01897e-06
9.67829e-07
1.16482e-06
6.58946e-07
6.25583e-07
1.00268e-06
1.21145e-06
1.2087e-06
7.90787e-07
5.80224e-07
9.89535e-07
8.07081e-07
5.61528e-07
1.25972e-06
6.66083e-07
9.33771e-07
1.38597e-06
7.91293e-07
6.09237e-07
9.65512e-07
9.2312e-07
7.48292e-07
7.7513e-07
9.99403e-07
5.61528e-07
9.76044e-07
1.1984e-06
6.82375e-07
8.10521e-07
7.58351e-07
1.91946e-07
6.38362e-07
9.88271e-08
8.31266e-07
8.64958e-07
7.65039e-07
5.18597e-07
7.21512e-07
4.22123e-07
1.03675e-06
8.09127e-07
2.78367e-06
4.38042e-07
2.43222e-06
7.67174e-07
9.17847e-07
6.71621e-07
7.59591e-07
4.27624e-07
5.96288e-07
7.37959e-07
1.30502e-06
1.26958e-06
9.28883e-07
8.51967e-07
1.04714e-06
1.23085e-06
5.94521e-07
5.87652e-07
9.94669e-07
1.53678e-06
1.32267e-06
7.06963e-07
3.73113e-07
3.51002e-07
1.05191e-06
8.0836e-07
7.93986e-07
6.67374e-07
6.05583e-07
1.05062e-06
1.16041e-06
-1.43536e-08
2.71842e-07
1.52655e-06
1.01708e-06
5.89563e-07
5.15857e-07
9.26027e-07
6.90787e-07
6.60026e-07
1.38468e-06
-3.89107e-08
8.82196e-07
5.25208e-07
1.09357e-06
8.21774e-07
8.76714e-07
7.80019e-07
1.16562e-06
6.09171e-07
1.16524e-06
1.36396e-06
7.64077e-07
8.81183e-07
9.14926e-07
1.19476e-06
1.28877e-06
5.86489e-07
1.10239e-06
3.17144e-07
1.01388e-06
9.6816e-07
4.0741e-07
1.04475e-06
1.16394e-06
7.68701e-07
4.75987e-07
1.08315e-06
9.19605e-07
5.96441e-07
7.79879e-07
9.91713e-07
1.35959e-06
9.53466e-07
1.26067e-06
9.6844e-07
5.71533e-07
1.05847e-06
1.20031e-06
1.02999e-06
2.31245e-06
8.0375e-07
1.41003e-06
1.37606e-06
1.16738e-06
9.34462e-07
1.3366e-06
2.60126e-06
1.01888e-06
8.73454e-07
1.10203e-06
7.9608e-07
3.4274e-07
2.44756e-06
1.7781e-06
1.07933e-06
1.00485e-06
6.0725e-07
8.21791e-07
6.2327e-07
1.08205e-06
6.4645e-07
1.00908e-06
1.16126e-06
1.4808e-06
1.2873e-06
3.54695e-07
1.50509e-06
1.39912e-06
1.50639e-06
5.42172e-07
9.04635e-07
1.08104e-06
1.07515e-06
8.10811e-07
7.94162e-07
8.69258e-07
5.14994e-07
1.09601e-06
7.75781e-07
1.11775e-06
4.69707e-07
1.60318e-06
5.17876e-07
9.3413e-07
5.72519e-07
5.88435e-07
5.11066e-07
1.21075e-06
1.51762e-06
1.42502e-06
1.17331e-06
1.07481e-06
1.05722e-06
5.97245e-07
9.16991e-07
5.76311e-07
6.33044e-07
5.42666e-07
4.62714e-07
5.1631e-07
7.31063e-07
8.83485e-07
5.20653e-07
3.33958e-07
7.95532e-07
1.02411e-06
1.16615e-06
1.11802e-06
8.89786e-07
7.76081e-07
1.23846e-06
7.61212e-07
8.66675e-07
2.87233e-06
7.69165e-07
6.88819e-07
8.14257e-07
6.68542e-07
1.11955e-06
6.97588e-07
9.15937e-07
8.68588e-07
1.83848e-06
4.96313e-07
1.58039e-06
9.12457e-07
1.07241e-06
1.77041e-08
1.64406e-06
4.40895e-07
9.95051e-07
1.65537e-06
7.58385e-07
1.84979e-07
1.16995e-06
1.30526e-06
1.74278e-06
1.4456e-06
8.09145e-07
9.73849e-07
8.54928e-07
5.92678e-07
5.99966e-07
9.44711e-07
1.41182e-06
5.26817e-07
3.79863e-07
1.11629e-06
5.9962e-07
5.28461e-07
1.07518e-06
5.13501e-07
8.8844e-07
8.54593e-07
8.98805e-07
3.08884e-07
6.72196e-07
1.06436e-06
8.32058e-07
5.96239e-07
1.05117e-06
1.01391e-06
9.86525e-07
1.38984e-06
1.2365e-06
9.40431e-07
9.2607e-07
8.19254e-07
2.75637e-06
1.443e-06
5.96436e-07
1.02952e-06
1.06371e-07
4.17604e-07
1.87017e-06
2.65653e-06
9.80996e-07
8.38554e-07
6.58485e-07
1.15231e-06
1.03586e-07
1.12082e-06
1.0179e-06
1.19135e-06
8.70779e-08
1.34256e-06
9.7526e-07
9.51371e-07
8.92686e-07
8.19234e-07
1.07645e-06
1.02096e-06
7.85288e-07
-3.29762e-07
4.33113e-07
1.06308e-06
1.49451e-06
9.97321e-07
4.01693e-07
7.71618e-07
9.18973e-07
8.65565e-07
4.38449e-07
8.46616e-07
9.65497e-07
5.63471e-07
1.0929e-06
1.47728e-06
3.35465e-07
5.82749e-07
8.77323e-07
7.35747e-07
8.61559e-07
8.31708e-07
1.58964e-06
9.37745e-07
9.24675e-07
8.87682e-07
1.03078e-06
1.16139e-06
5.41454e-07
8.00314e-07
2.58746e-06
1.11988e-06
1.35596e-06
6.88978e-07
1.2766e-06
8.21119e-07
1.82431e-06
8.32288e-07
6.56318e-07
8.79067e-07
9.1534e-07
2.11144e-06
1.03322e-06
8.72036e-07
4.33691e-07
2.77152e-07
1.12328e-06
4.88646e-07
4.40279e-07
1.32713e-06
9.18756e-07
1.15968e-06
7.2894e-07
9.13237e-07
3.71974e-07
4.99536e-07
1.02182e-06
8.46657e-07
4.31666e-07
5.66646e-07
8.92876e-07
1.12099e-06
8.75112e-07
5.09675e-07
8.60935e-07
2.45254e-06
9.82989e-07
1.07134e-06
1.52592e-06
9.86547e-07
1.07351e-06
1.13121e-06
1.3499e-06
1.18417e-06
9.18692e-07
1.19268e-06
1.12435e-06
1.47863e-06
2.63341e-07
9.25112e-07
9.74003e-07
6.23858e-07
9.77528e-07
1.17936e-06
1.48301e-06
7.21583e-07
9.42546e-07
1.98836e-06
2.29404e-06
6.59046e-07
9.7629e-07
1.35279e-06
1.16391e-06
2.38633e-06
2.7046e-07
1.21227e-06
6.16478e-07
4.51504e-07
1.64559e-06
9.81408e-07
8.52943e-07
9.04647e-07
3.2949e-07
6.67418e-07
1.15601e-06
6.92849e-07
7.99027e-07
1.10938e-06
1.04856e-06
9.98237e-07
7.23165e-07
1.05053e-06
4.08643e-07
1.12987e-06
2.34453e-07
8.37763e-07
8.40703e-07
3.09972e-07
6.79631e-07
1.00311e-06
9.51388e-07
9.64695e-07
6.88595e-07
9.52087e-07
1.54562e-06
1.46813e-06
3.44695e-07
1.1386e-06
1.13071e-06
1.86634e-07
9.62288e-07
2.75461e-07
1.17493e-06
7.33155e-07
6.6745e-07
5.4696e-07
4.38338e-07
3.41062e-07
1.08328e-06
7.87531e-07
2.35281e-06
1.85756e-07
1.01251e-06
1.42538e-06
8.53788e-07
8.10006e-07
1.40948e-06
6.71955e-07
1.46078e-06
6.99567e-07
1.49754e-06
7.7301e-07
1.19596e-06
8.12232e-07
1.39858e-06
9.67914e-07
1.6655e-06
1.37179e-06
5.51265e-07
5.43298e-07
1.286e-06
6.44554e-07
7.4981e-07
7.41163e-07
9.00249e-07
1.5717e-06
1.21698e-06
9.34166e-07
1.13342e-06
1.36942e-07
8.16659e-07
7.14095e-07
1.88348e-06
9.10294e-07
6.061e-07
7.71729e-07
5.12428e-07
1.36655e-06
1.15708e-06
9.3817e-07
1.06215e-06
8.13915e-07
6.38099e-07
4.8256e-07
5.83041e-07
1.32632e-06
6.84763e-07
1.19832e-06
3.73338e-07
7.49681e-07
5.10731e-07
1.01525e-06
6.77418e-07
9.13508e-07
1.53441e-06
1.07684e-06
7.24631e-07
7.73493e-07
1.19028e-06
1.11823e-06
7.97919e-07
8.9595e-07
2.56901e-07
1.20113e-06
8.00945e-07
3.1145e-07
4.54532e-07
1.3278e-06
8.01631e-07
9.33006e-07
7.58463e-07
3.49104e-07
5.8147e-07
1.08038e-06
3.34842e-07
7.30031e-07
8.6756e-07
1.03564e-06
5.70962e-07
8.63179e-07
1.06921e-06
1.1258e-06
7.96802e-07
7.87251e-07
1.08676e-06
1.46233e-06
6.85922e-07
7.46526e-07
1.85499e-06
1.74859e-07
9.38915e-07
5.99272e-07
1.07011e-06
1.19416e-06
5.75727e-07
1.07757e-06
6.29264e-07
8.54039e-07
7.97653e-07
6.8582e-07
1.25858e-06
5.65708e-07
7.71885e-07
3.72208e-07
5.02588e-07
5.47804e-07
7.1689e-07
4.66991e-07
7.75217e-07
1.28397e-06
1.16049e-06
5.15617e-07
9.22499e-07
1.02299e-06
1.03283e-06
4.17781e-07
1.06256e-06
1.35403e-06
8.10773e-07
8.85204e-07
1.1876e-06
1.18858e-06
1.01258e-06
8.55742e-07
6.75769e-07
2.63156e-07
7.12856e-07
1.05569e-06
3.05533e-07
1.17729e-06
1.18665e-06
2.50863e-06
7.74634e-07
4.27149e-07
3.74652e-07
6.03313e-07
9.84583e-07
2.71677e-07
1.26376e-06
3.17975e-07
8.5432e-07
7.15762e-07
6.33383e-07
6.58116e-07
6.53534e-07
3.74647e-07
1.17681e-06
7.68353e-07
5.02757e-07
9.43902e-07
7.18893e-07
1.14563e-06
8.46203e-07
1.47697e-06
1.08624e-06
4.93095e-07
5.99891e-07
1.08136e-06
2.47718e-07
1.14292e-06
1.6393e-06
2.78639e-06
5.61677e-07
4.563e-07
1.59502e-06
2.8443e-07
4.52952e-07
9.00083e-07
9.61767e-07
8.61661e-07
1.14625e-06
8.09989e-07
1.08932e-06
1.04629e-06
6.99778e-07
1.00584e-06
6.93317e-07
1.02966e-06
6.83968e-07
1.33888e-06
9.44115e-07
1.15552e-06
1.81163e-06
5.14896e-07
9.15891e-07
1.04957e-06
2.3133e-06
8.25491e-07
1.28991e-06
1.66652e-06
1.12511e-06
8.56693e-07
6.10268e-07
3.81179e-07
1.49418e-06
1.21944e-06
1.17785e-06
1.01406e-07
1.53148e-06
7.54591e-07
1.0399e-06
1.31575e-06
1.06206e-06
7.94459e-07
4.66331e-07
1.55402e-06
1.76895e-06
7.63159e-07
6.06164e-07
7.68148e-07
1.12812e-06
3.2434e-07
1.12331e-06
1.67161e-07
4.86827e-07
4.94937e-07
6.5602e-07
1.0229e-06
7.83855e-07
9.52444e-07
6.31595e-07
1.91548e-06
7.68572e-07
1.4323e-06
1.40338e-06
9.19355e-07
5.72074e-07
3.238e-07
7.49173e-07
1.07572e-06
7.88559e-07
6.43145e-07
6.64945e-07
1.59594e-09
8.27277e-07
1.45907e-06
1.56901e-06
7.18371e-07
7.31209e-07
9.17538e-07
6.27174e-07
1.29155e-06
4.37925e-07
1.04776e-06
1.14087e-06
4.26146e-07
3.98627e-07
1.46244e-06
5.16741e-07
9.53307e-07
8.24371e-07
1.40048e-06
5.17923e-07
5.35738e-07
5.98972e-07
9.22624e-07
6.7782e-07
8.24036e-07
1.04724e-06
7.07633e-07
9.17901e-07
8.94075e-07
1.48996e-06
7.51816e-07
9.37424e-07
1.73047e-06
1.40712e-06
3.82158e-07
1.29386e-06
5.62539e-07
6.97231e-07
7.19436e-07
1.28295e-06
7.42958e-07
4.9835e-07
7.88641e-07
1.04756e-07
8.42525e-07
1.00876e-06
1.12395e-06
3.92216e-07
7.29869e-07
2.31443e-07
5.15541e-07
1.50418e-06
7.47164e-07
1.04832e-06
5.72245e-07
1.21929e-06
7.1341e-07
7.48004e-07
9.17764e-07
9.4323e-07
7.00202e-07
1.42505e-06
6.16909e-07
1.05591e-06
9.0983e-07
6.41999e-07
1.09099e-06
3.23582e-07
8.39469e-07
6.56147e-07
7.5857e-07
1.1397e-06
1.6616e-06
5.70655e-07
1.39133e-06
1.12482e-06
9.08663e-07
9.51675e-07
6.70769e-07
4.61725e-07
1.10074e-06
6.00022e-07
1.36881e-07
8.57074e-07
5.09302e-07
4.84719e-07
6.5659e-07
9.08835e-07
5.79512e-07
7.81252e-07
6.30502e-07
6.79143e-07
6.90089e-07
8.12761e-07
7.10055e-07
1.21391e-06
6.70954e-07
4.20666e-07
6.2486e-07
5.09472e-07
1.80354e-06
6.7002e-07
5.11718e-07
7.61832e-07
1.02205e-06
3.96069e-07
3.92599e-07
9.7297e-07
7.8001e-07
1.49118e-06
1.17441e-06
1.31691e-06
1.07525e-06
7.71041e-07
1.21989e-06
4.08879e-07
3.53853e-07
5.75272e-07
1.04178e-06
4.61538e-07
1.11074e-06
8.36415e-07
1.49398e-06
1.11857e-06
1.40893e-06
1.22855e-06
6.74196e-07
1.15224e-06
1.43269e-06
5.73885e-07
6.89352e-07
1.17008e-06
7.54192e-07
4.26417e-07
7.38174e-07
1.31312e-06
8.79602e-07
9.58567e-07
6.61096e-07
5.75085e-07
9.02274e-08
8.1647e-07
5.39493e-07
7.67089e-07
1.29485e-06
4.01871e-07
1.9291e-06
8.58984e-07
4.05135e-07
6.26892e-07
1.26501e-06
7.13749e-07
1.75569e-06
6.32688e-07
1.21939e-06
1.98002e-06
1.18804e-06
1.07758e-06
2.99732e-07
9.59838e-07
8.49342e-07
9.84373e-07
7.57027e-07
1.54724e-06
1.03089e-06
7.57781e-07
9.09536e-07
2.41797e-06
1.29779e-06
1.60015e-06
1.56115e-06
9.83121e-07
9.00531e-07
7.71306e-07
1.33537e-06
7.02561e-07
1.07426e-06
1.35459e-06
1.33877e-06
1.14935e-06
5.64382e-07
1.49475e-06
2.03309e-08
8.11275e-07
-5.56628e-08
1.03478e-06
5.33801e-08
3.66175e-07
5.09858e-07
1.66424e-06
6.94417e-07
7.5165e-07
7.51801e-07
4.08781e-07
1.38286e-06
2.75516e-07
9.27571e-07
6.54536e-07
1.08095e-06
8.01385e-07
7.48782e-07
5.43108e-07
1.28421e-06
8.04665e-07
1.04251e-06
7.36035e-07
1.72613e-06
5.17719e-07
7.2067e-07
8.68609e-07
1.12973e-06
8.14058e-07
7.40794e-07
1.12349e-07
4.00083e-07
1.0155e-06
7.97421e-07
7.82311e-07
7.27854e-07
6.12264e-07
1.0645e-06
1.07079e-06
5.188e-07
1.08088e-06
7.76206e-07
2.02251e-06
1.28639e-06
1.12866e-06
7.32338e-07
4.41273e-07
6.93877e-07
1.21099e-06
1.24473e-06
7.88697e-07
8.6134e-07
1.19084e-06
1.1849e-06
7.07494e-07
1.28804e-06
1.0555e-06
9.64872e-07
5.57806e-07
9.46948e-07
6.71871e-07
1.26705e-06
1.13097e-06
9.53748e-07
1.21304e-06
5.87005e-07
5.63866e-07
8.7461e-07
4.25016e-07
1.20273e-06
1.16923e-06
1.13855e-06
1.11948e-06
7.34804e-07
4.21106e-07
1.03098e-06
5.8366e-07
6.03742e-07
7.01693e-07
2.62491e-07
9.63032e-07
1.11101e-06
1.03818e-06
9.3171e-07
8.4616e-07
9.35311e-07
4.88678e-07
8.46251e-07
7.2214e-07
6.42687e-07
1.45255e-06
5.39212e-07
4.4769e-07
9.15356e-07
1.12551e-06
7.82581e-07
6.02373e-07
9.47555e-07
6.51587e-07
3.48811e-07
1.31537e-06
8.78774e-07
8.36741e-07
1.03925e-06
6.45505e-07
3.71543e-07
6.32362e-07
1.77839e-07
1.28907e-06
7.13575e-07
7.19461e-07
1.11174e-06
2.31625e-06
7.44517e-07
6.17678e-07
9.59313e-07
2.62633e-06
1.05224e-06
1.28353e-06
1.09899e-06
6.70837e-07
7.42155e-07
7.80787e-07
5.3864e-07
7.33379e-07
1.09753e-06
6.47024e-07
2.57387e-07
9.26763e-07
9.00543e-07
1.30059e-06
1.57735e-06
3.9436e-07
1.0485e-06
2.5147e-06
9.48412e-07
7.30171e-07
7.24785e-07
1.30427e-06
5.60513e-07
1.19323e-06
9.10038e-07
1.01134e-06
9.52582e-07
5.65614e-07
1.33952e-06
1.31813e-06
1.1497e-06
7.52104e-07
1.66806e-06
1.04136e-06
2.04801e-06
9.78994e-07
3.73433e-07
1.16772e-06
8.16184e-07
1.51298e-07
1.05069e-06
9.30037e-07
4.22445e-07
1.01183e-06
7.62413e-07
1.09773e-06
1.38721e-07
2.36249e-06
7.44912e-07
8.67363e-07
9.04514e-07
1.13337e-06
1.31137e-06
1.24293e-06
2.19168e-07
7.64278e-07
1.51305e-06
1.23493e-06
7.36258e-07
1.35735e-06
5.75757e-07
6.58321e-07
5.26939e-07
3.83049e-07
1.57671e-06
5.68546e-07
1.1847e-06
7.19297e-07
6.26582e-07
1.01327e-06
8.5493e-07
3.96777e-07
8.87175e-07
1.04797e-06
1.11253e-06
6.84243e-07
5.58856e-07
4.97114e-07
1.25076e-06
5.48898e-07
8.51254e-07
5.73266e-07
4.04735e-07
1.22535e-06
6.99345e-07
1.22212e-06
5.69001e-07
1.05348e-06
9.0108e-07
8.01675e-07
1.12983e-06
3.5089e-07
7.26264e-07
9.46819e-07
1.31987e-06
1.04053e-06
7.29652e-07
7.83378e-07
8.85825e-07
8.94742e-07
9.9111e-07
1.01227e-06
4.47622e-07
2.71132e-07
2.36056e-07
1.10225e-06
5.77144e-07
1.18155e-06
9.11014e-07
9.17161e-07
7.19458e-07
1.98572e-06
1.18722e-06
1.25165e-06
1.08392e-06
3.10518e-07
1.19371e-06
4.46049e-07
7.78904e-07
6.12915e-07
1.33644e-06
6.29319e-07
3.75683e-07
6.3322e-07
1.018e-06
1.15553e-06
1.11067e-06
1.08059e-06
9.40565e-07
9.9186e-07
7.60902e-07
1.11797e-06
8.90049e-07
4.72942e-07
8.51717e-07
1.22452e-07
5.12237e-07
7.95618e-07
5.62827e-07
9.09466e-07
5.76265e-07
9.39766e-07
1.27445e-06
6.88447e-07
1.01618e-08
3.49025e-07
1.32896e-06
4.36277e-07
7.84872e-07
9.28542e-07
9.22738e-07
1.24334e-06
9.32876e-07
8.28855e-07
1.25507e-06
2.17268e-07
9.58564e-07
5.93487e-07
7.07546e-07
1.27974e-06
8.34412e-07
3.25078e-07
8.81241e-07
3.82488e-07
9.75609e-07
9.58432e-07
6.27032e-07
1.69919e-06
8.53361e-07
2.56396e-07
4.82118e-07
6.52313e-07
7.20325e-07
6.95363e-07
1.31592e-06
7.01444e-07
8.55219e-07
5.00222e-07
1.08118e-06
6.09592e-07
9.99447e-07
9.92369e-07
3.61477e-07
9.70078e-07
2.38166e-07
4.0045e-07
9.78214e-07
4.05196e-07
4.74572e-07
8.12988e-07
6.57843e-07
7.89155e-07
7.22647e-07
7.80397e-07
1.39842e-06
1.04554e-06
7.44099e-07
1.18413e-06
9.88861e-07
1.31289e-06
1.5632e-06
6.42747e-07
1.1738e-06
1.08115e-06
1.97332e-06
6.35997e-07
3.62108e-07
7.34088e-07
6.29081e-07
7.82721e-07
7.21629e-07
1.19736e-06
8.84598e-07
8.68674e-07
8.23925e-07
1.05072e-07
1.40144e-06
1.01983e-06
9.98754e-07
1.15418e-06
5.83664e-07
1.08515e-06
4.76545e-07
3.39014e-07
9.01162e-07
1.35046e-06
6.8899e-07
8.84519e-07
1.3096e-06
4.95599e-07
1.38928e-06
1.34713e-06
1.25471e-06
7.5415e-07
5.31092e-07
2.17303e-07
1.27189e-06
1.3752e-06
5.26713e-07
8.62894e-07
1.0712e-06
7.95236e-07
1.06941e-06
4.07719e-07
6.76405e-07
7.0866e-07
1.00453e-06
1.85505e-06
3.49218e-07
7.32943e-07
1.06642e-06
1.00008e-06
7.99748e-07
5.44806e-07
2.88247e-07
2.28232e-06
6.21758e-07
9.38524e-07
7.7865e-07
1.1624e-06
1.33703e-06
1.03345e-06
7.75057e-07
1.01859e-06
6.68213e-07
5.684e-07
1.0518e-06
8.75366e-07
9.38397e-07
3.79397e-07
7.32232e-07
2.48892e-07
2.10761e-07
3.0247e-07
5.65065e-07
6.27134e-07
8.40743e-07
4.50143e-07
1.14263e-06
9.33851e-07
8.14246e-07
8.08152e-07
1.18102e-06
7.54593e-07
1.03756e-06
6.15067e-07
8.62356e-07
8.38327e-07
7.27388e-07
1.12303e-06
4.96939e-07
7.16851e-07
1.47282e-07
6.99618e-07
8.25739e-07
9.4662e-07
1.53395e-06
6.74004e-07
8.44382e-07
8.41455e-07
1.17693e-06
4.47119e-07
1.09367e-06
1.84672e-06
7.60609e-07
1.09154e-06
3.86089e-07
1.56077e-06
8.69245e-07
1.07961e-06
1.72945e-06
8.22122e-07
6.38772e-07
9.50087e-07
7.04358e-07
1.11656e-06
5.02833e-07
7.00217e-07
1.53061e-06
6.50787e-07
4.99986e-07
8.28237e-07
6.76978e-07
1.21807e-06
1.13668e-06
4.10059e-07
4.91666e-07
9.41624e-07
9.70566e-07
1.23285e-06
8.11436e-07
4.90918e-07
5.41153e-07
1.02432e-06
2.79206e-07
8.93643e-07
8.80786e-07
1.3486e-06
1.1499e-07
1.10055e-06
1.22049e-06
1.17464e-06
1.03283e-06
8.83827e-07
1.06477e-06
5.02746e-07
7.03354e-07
1.61672e-06
8.90771e-07
5.58065e-07
6.44192e-07
9.27902e-07
-5.48082e-08
8.45953e-07
-1.95245e-08
1.72526e-07
9.40123e-07
1.0825e-06
6.36497e-07
9.57575e-07
1.40112e-06
8.02811e-07
6.67905e-07
7.89772e-07
4.78582e-07
1.02377e-06
1.10033e-06
7.38811e-07
7.21462e-07
1.04459e-06
1.04163e-06
9.50989e-07
8.67736e-07
9.66429e-07
4.24603e-07
9.1746e-07
9.88619e-07
1.98129e-07
1.01278e-06
7.09151e-07
7.76913e-07
7.72615e-07
9.03138e-07
9.09832e-07
7.10487e-07
1.05476e-06
1.0707e-06
1.20091e-06
6.3101e-07
3.43324e-07
6.01584e-07
6.44044e-07
6.10446e-07
1.14537e-06
9.05924e-07
9.62629e-07
1.0121e-06
8.01074e-07
8.47912e-07
1.11711e-06
5.29118e-07
6.6144e-07
7.30435e-07
3.73397e-07
5.59514e-07
5.85887e-07
5.51868e-07
1.02653e-06
6.28954e-07
1.41447e-06
2.18229e-07
8.98089e-07
9.6843e-07
1.16938e-06
7.56225e-07
1.55107e-06
9.81573e-07
9.30841e-07
6.40253e-07
1.23814e-06
9.16002e-07
1.01419e-06
7.37255e-07
2.52423e-07
8.76764e-07
1.22433e-06
1.20308e-06
1.13462e-06
1.06256e-06
6.63099e-07
5.30142e-07
1.03456e-06
4.90991e-07
1.18864e-06
1.03822e-06
9.99889e-07
1.06604e-06
-2.23185e-08
9.96473e-07
7.50629e-07
1.09782e-06
6.72939e-07
4.24987e-07
1.21985e-06
1.42665e-06
5.83733e-07
8.02244e-07
1.18406e-06
8.93729e-07
1.92415e-07
2.33374e-06
8.95737e-07
4.21633e-07
1.43352e-06
3.58932e-07
5.28182e-07
1.17585e-06
8.59872e-07
3.21214e-07
6.04082e-07
7.21916e-07
1.1321e-06
5.38646e-07
9.87919e-07
7.9722e-07
1.00601e-06
1.5617e-06
1.46093e-06
4.82353e-07
7.06481e-07
6.97011e-07
2.30943e-06
1.12657e-07
1.53263e-06
1.36968e-06
1.15459e-06
1.402e-06
1.51564e-06
3.86233e-07
4.2748e-07
1.03413e-06
6.9769e-07
1.43788e-06
7.63673e-07
1.63128e-07
1.2595e-06
1.1355e-06
9.02405e-07
7.02347e-07
5.94698e-07
7.0402e-07
8.67213e-07
6.17134e-07
7.92432e-07
1.10835e-06
5.13638e-07
1.42999e-06
9.82579e-07
5.95794e-07
6.74089e-07
1.2152e-06
1.02025e-06
3.77902e-07
1.17196e-06
8.5578e-07
7.0012e-07
4.73722e-07
8.87642e-07
3.32992e-07
8.44507e-07
1.04975e-06
8.04893e-07
7.8868e-07
9.03043e-07
1.00059e-06
8.77969e-07
5.15507e-07
7.27638e-07
1.0516e-06
1.12181e-06
5.23172e-07
8.52227e-07
8.50321e-07
1.0229e-06
9.90211e-07
1.33312e-06
8.59514e-07
2.11461e-06
6.45398e-07
3.26887e-07
7.64796e-07
7.91468e-07
5.18753e-07
2.24115e-06
5.77333e-07
1.24068e-06
3.3926e-07
1.1014e-06
9.89859e-07
6.67927e-07
8.91435e-07
1.35176e-06
3.50053e-07
2.59053e-06
8.96982e-07
6.04538e-07
2.34915e-07
1.24397e-06
6.84033e-07
1.13706e-06
9.13225e-07
1.50773e-06
1.04177e-06
4.37118e-07
5.4093e-07
1.08655e-06
1.15009e-06
6.85469e-07
9.63346e-07
9.53454e-07
9.3274e-07
3.69999e-07
1.1495e-06
4.86139e-07
1.2127e-06
9.65981e-07
1.02254e-06
1.77027e-06
7.38488e-07
8.77336e-07
1.10147e-06
6.47438e-07
6.86368e-07
3.94029e-08
1.55638e-06
9.20855e-07
2.17559e-07
1.56932e-06
1.15531e-06
4.19771e-07
1.18615e-06
1.09882e-06
7.85313e-07
9.76932e-07
5.76484e-07
1.24365e-06
6.01434e-07
9.0383e-07
1.14272e-06
7.05499e-07
6.8212e-07
6.59456e-07
1.31894e-06
1.16046e-06
8.53676e-07
8.72228e-07
9.5753e-07
1.02708e-06
1.16083e-06
8.21625e-07
5.18962e-07
1.13335e-06
9.52887e-07
9.42033e-07
1.16882e-06
1.43141e-06
3.15339e-07
6.63908e-07
6.83742e-07
1.18169e-06
5.75126e-07
9.66413e-07
1.1849e-06
8.03409e-07
1.62719e-07
4.00653e-07
7.41247e-07
9.1914e-07
6.59838e-07
1.37842e-06
9.36109e-07
8.44846e-07
1.06347e-06
1.36139e-06
7.77742e-07
1.17826e-06
8.50349e-07
1.18341e-06
1.09729e-06
7.16427e-07
6.34999e-07
1.28533e-06
4.30796e-07
1.41966e-06
9.12397e-07
1.10937e-06
1.15322e-06
8.23362e-07
1.36363e-06
1.11474e-06
1.01592e-06
1.08511e-06
7.25691e-07
6.88048e-07
1.48826e-07
1.27452e-06
1.88872e-06
5.10665e-07
6.80707e-07
9.92567e-07
9.72562e-07
1.13085e-06
8.08062e-07
1.02034e-06
2.03121e-07
2.13751e-06
7.65461e-07
5.62866e-07
1.11491e-06
1.26906e-06
4.80592e-07
6.7742e-07
1.11962e-06
7.90032e-07
1.09989e-06
1.30142e-06
2.05466e-07
8.9607e-07
9.47148e-07
3.05468e-07
7.73001e-07
1.23128e-06
1.07575e-06
1.11447e-06
8.60068e-07
2.91182e-07
4.78278e-07
1.05697e-06
1.23065e-06
1.59214e-06
7.10852e-07
1.18008e-06
3.07229e-06
9.00231e-07
5.38505e-07
1.64229e-07
6.77429e-07
2.19659e-06
8.08805e-07
9.82803e-07
1.13295e-06
1.24091e-06
1.11585e-06
6.56599e-07
1.12105e-06
9.04379e-07
9.32704e-07
7.17511e-07
1.68267e-06
8.65513e-07
2.5185e-06
1.20807e-06
8.7085e-07
2.74413e-07
7.12503e-07
1.27072e-06
4.2828e-07
1.18684e-06
1.19969e-06
9.506e-07
6.02958e-07
1.20391e-06
7.392e-08
3.74156e-07
5.86652e-07
1.21944e-06
9.80918e-07
1.3174e-06
2.92895e-07
1.29281e-06
9.25397e-07
7.35493e-07
4.72608e-07
8.54564e-07
4.637e-07
2.41488e-06
1.31281e-06
5.65574e-07
9.00905e-07
1.07283e-06
7.32357e-07
8.00793e-07
1.48987e-06
1.06806e-06
8.93519e-07
6.9915e-07
8.98221e-07
1.09282e-06
9.98827e-07
9.94486e-07
6.24369e-07
9.26029e-07
8.84325e-07
8.19817e-07
9.15209e-08
2.70572e-07
7.60295e-07
8.82168e-07
6.62621e-07
8.65099e-07
8.32945e-07
5.20101e-07
2.12966e-06
1.03102e-06
7.50398e-07
1.12705e-06
1.03731e-06
6.70951e-07
7.03507e-07
4.64754e-07
8.86721e-07
7.63859e-07
8.34386e-07
5.55866e-07
5.86171e-07
8.43411e-07
1.15459e-06
6.47314e-07
7.98597e-07
8.19684e-07
1.28461e-06
7.54493e-08
1.04528e-06
6.54306e-07
6.63062e-07
6.26137e-07
8.43554e-07
8.3423e-07
2.24842e-06
1.25073e-06
3.37198e-07
1.18061e-06
7.31245e-07
1.29749e-06
9.56122e-07
1.05046e-06
4.94523e-07
5.87615e-07
5.30453e-07
9.86616e-07
1.74728e-07
1.22505e-06
5.83844e-07
5.4373e-07
8.51795e-07
1.23901e-06
6.79728e-07
5.12054e-07
1.04866e-06
8.44259e-07
1.18479e-06
8.8212e-07
3.94247e-07
7.80695e-07
7.10478e-07
1.19755e-06
1.14551e-06
7.23331e-07
6.92116e-07
1.28113e-06
1.1671e-06
1.11026e-06
7.53065e-07
6.00477e-07
8.80374e-07
6.716e-07
8.58227e-07
9.77439e-07
6.33181e-07
1.05965e-06
1.29892e-06
1.03497e-06
7.07893e-07
1.1721e-06
7.39715e-07
1.06742e-06
5.3385e-07
3.79673e-07
7.87708e-07
7.90224e-07
9.70705e-07
6.52073e-07
9.10775e-07
9.10323e-07
7.22463e-07
7.21858e-07
1.93393e-07
1.39062e-06
1.37592e-06
7.88989e-07
1.11119e-06
9.83128e-07
2.60097e-07
8.83555e-07
7.98374e-07
5.98211e-07
8.95345e-07
4.61582e-07
7.37521e-07
8.7505e-07
8.27944e-07
7.17029e-07
1.37711e-06
1.02032e-06
1.17723e-06
5.59069e-07
1.04576e-06
1.17475e-06
1.32986e-06
1.35532e-06
7.3134e-07
1.03931e-06
1.13881e-06
6.91814e-07
1.06129e-06
1.51582e-06
5.67541e-07
1.80561e-06
1.36587e-06
1.33646e-06
5.68439e-07
5.6891e-07
5.6083e-07
8.58426e-07
4.25333e-07
1.92533e-06
6.73504e-07
9.28917e-07
1.87779e-06
1.04191e-06
1.15293e-06
7.8012e-07
1.17682e-06
5.14906e-07
3.16868e-07
1.29167e-06
1.21735e-06
1.13521e-06
1.01311e-06
9.89294e-07
7.79704e-07
8.54013e-07
7.41687e-07
6.08432e-07
9.97289e-07
1.05187e-06
9.45342e-07
9.71166e-07
5.96289e-07
5.42138e-07
8.21838e-07
8.11499e-07
1.09321e-06
1.03118e-06
5.98877e-07
9.13222e-07
6.68406e-07
1.3725e-06
9.05067e-07
1.15597e-06
1.04383e-06
8.66292e-07
1.15215e-06
-4.59748e-08
1.89525e-06
3.98628e-07
8.76231e-07
8.9459e-07
6.22643e-07
9.1827e-07
6.61012e-07
9.18077e-07
1.18711e-06
9.5866e-07
6.11449e-07
1.48072e-06
1.17138e-06
8.18622e-07
7.08322e-07
7.69702e-07
8.53769e-07
4.3977e-07
5.43669e-07
1.53301e-06
9.34954e-07
1.07685e-06
5.05016e-07
9.60067e-07
9.57135e-07
9.56301e-07
1.14367e-06
9.71659e-07
6.88308e-07
-4.23198e-07
9.90779e-07
1.88101e-07
1.03154e-06
7.49414e-07
1.99623e-06
7.32067e-07
1.00544e-06
6.33613e-07
3.29772e-07
8.51583e-07
8.99258e-07
6.40488e-07
8.17559e-07
9.30761e-07
7.18174e-07
9.06338e-07
7.43654e-07
7.4659e-07
7.90552e-07
3.07035e-07
8.3954e-07
9.07243e-07
6.38109e-07
1.00217e-06
1.16374e-06
1.44999e-06
6.76765e-07
2.7638e-07
6.48463e-07
1.05671e-06
7.22712e-07
1.31468e-06
5.93529e-07
4.24284e-07
1.06057e-06
1.31152e-06
7.40792e-07
1.12002e-06
3.15372e-07
9.08876e-07
6.57344e-07
6.92899e-07
8.67205e-07
1.30476e-06
5.42525e-07
7.48775e-07
8.31222e-07
9.63252e-07
8.84347e-07
1.11413e-06
1.07203e-06
8.38916e-07
1.26268e-06
1.08266e-06
7.94067e-07
9.72318e-07
1.0615e-06
9.34907e-07
8.91074e-07
1.27516e-06
1.04043e-06
9.42597e-07
9.35406e-07
1.5586e-07
1.37884e-06
1.24551e-06
8.39027e-07
1.66594e-06
9.80586e-07
6.06647e-07
1.05034e-06
5.42346e-07
7.6387e-07
1.09583e-06
7.81213e-07
9.57497e-07
2.01441e-07
6.29099e-07
7.27217e-07
1.90944e-06
8.67852e-07
1.05991e-06
4.71037e-07
8.17562e-07
8.14353e-07
7.81205e-07
8.78968e-07
5.30545e-07
4.36169e-07
7.65859e-07
8.00981e-07
5.87547e-07
6.44803e-07
1.91629e-07
1.20265e-06
7.07824e-07
7.38842e-07
9.30772e-07
1.11408e-06
7.80504e-07
7.12366e-07
4.15042e-07
1.11899e-06
9.26714e-07
2.95735e-07
1.19896e-06
1.09274e-06
1.35985e-06
1.02749e-06
1.23049e-06
8.58645e-07
1.0508e-06
4.84413e-07
1.10332e-06
7.27824e-07
1.19448e-06
9.59746e-07
9.23636e-07
9.55912e-07
4.29406e-07
8.23724e-07
9.22584e-07
7.09222e-07
1.3723e-06
1.43715e-06
1.61533e-06
9.97735e-07
7.18746e-07
1.36478e-06
1.41933e-06
1.46374e-09
1.93943e-07
7.64792e-07
9.27816e-07
7.04848e-07
5.4385e-07
7.60908e-07
4.31471e-07
9.52055e-07
1.52321e-06
6.02931e-07
9.79128e-07
8.43724e-07
8.59248e-07
5.79706e-07
4.29773e-07
7.19591e-07
9.64811e-07
9.80791e-07
6.06534e-07
1.52659e-06
5.28611e-07
6.95975e-07
1.68038e-06
8.22436e-07
1.51729e-06
1.11617e-06
1.75197e-06
8.62294e-07
1.27836e-06
8.08758e-07
4.95486e-07
7.23195e-07
1.10289e-06
9.41541e-07
4.05468e-07
4.24089e-07
4.19804e-07
1.12234e-06
9.21218e-07
6.93498e-07
1.39485e-06
6.84878e-07
8.30939e-07
6.7162e-07
5.95277e-07
9.38847e-07
8.11966e-07
1.35156e-06
9.87247e-07
1.12847e-06
8.4273e-07
1.30674e-06
8.29361e-07
1.11727e-06
8.45451e-07
1.19776e-06
6.6937e-07
8.04616e-07
9.3984e-07
9.13864e-07
9.86711e-07
5.54825e-08
5.75358e-07
1.11633e-06
8.86681e-07
5.22178e-07
3.03058e-06
9.4047e-07
7.20527e-07
9.77193e-07
8.87468e-07
1.57719e-06
5.7893e-07
9.15371e-07
1.43661e-06
2.71114e-06
1.2006e-06
1.64656e-06
1.19469e-06
4.16211e-07
9.02086e-07
6.35859e-07
1.29101e-06
3.76154e-07
8.96643e-07
7.57293e-07
1.02854e-06
5.64047e-07
5.76394e-07
1.27346e-06
5.76663e-07
6.14982e-07
1.13567e-06
6.78408e-07
8.98277e-07
1.03193e-06
9.80922e-07
1.06514e-06
1.12457e-06
6.32906e-07
1.04995e-06
8.21656e-07
4.80702e-07
9.03459e-07
7.72519e-07
9.74422e-07
5.51542e-07
9.16418e-07
1.04524e-06
6.23047e-07
1.18968e-06
1.03063e-06
8.56643e-07
3.48812e-07
7.18079e-07
9.52234e-07
1.21736e-06
1.80081e-06
1.51478e-06
3.58787e-07
7.88388e-07
1.00111e-06
2.90271e-07
7.74596e-07
1.09714e-06
7.08305e-07
6.21359e-07
7.93408e-07
7.07261e-07
4.14825e-07
1.09339e-06
9.06371e-07
1.01589e-06
6.16219e-07
4.12674e-07
1.47583e-07
8.86916e-07
1.06567e-06
9.1887e-07
8.92333e-07
1.02085e-06
6.85262e-07
1.42285e-06
2.20482e-07
1.00301e-06
5.28125e-07
9.92144e-07
1.55563e-06
9.6126e-07
8.7744e-07
9.47389e-07
5.80611e-07
3.91614e-07
7.18589e-07
1.22256e-06
1.09229e-06
7.5808e-07
2.66406e-07
1.69067e-06
2.12132e-06
1.17476e-06
7.73923e-07
1.06725e-06
5.10602e-07
3.95051e-07
1.06624e-06
6.57563e-07
4.51899e-07
6.09912e-07
